0.0 2.22044604925e-16
0.001 -0.00382120556521
0.002 -0.00763314914074
0.003 -0.0114333651502
0.004 -0.0151987504791
0.005 -0.0189272741924
0.006 -0.022598422129
0.007 -0.02618441386
0.008 -0.0297105350564
0.009 -0.0331612493182
0.01 -0.0365059682012
0.011 -0.0397599239072
0.012 -0.0429134380516
0.013 -0.0459519980179
0.014 -0.0488838971623
0.015 -0.0517064627955
0.016 -0.0544042851618
0.017 -0.0569929742537
0.018 -0.0594707433224
0.019 -0.0618382376213
0.02 -0.0641066218215
0.021 -0.0662613752787
0.022 -0.0683145810534
0.023 -0.070279286765
0.024 -0.0721613723099
0.025 -0.0739659792959
0.026 -0.0756787196872
0.027 -0.07730474546
0.028 -0.0788500944082
0.029 -0.0802978824641
0.03 -0.0816656747747
0.031 -0.0829662376222
0.032 -0.0842008862815
0.033 -0.0853783956819
0.034 -0.0865009852778
0.035 -0.0875725549883
0.036 -0.0886069939062
0.037 -0.0895991609271
0.038 -0.0905547094102
0.039 -0.0914809930501
0.04 -0.0923687237102
0.041 -0.0932286143296
0.042 -0.094048022015
0.043 -0.0948259677241
0.044 -0.0955732042812
0.045 -0.0962896305483
0.046 -0.0969667513621
0.047 -0.0976204152761
0.048 -0.0982211063014
0.049 -0.098785515109
0.05 -0.09933124117
0.051 -0.0998497992237
0.052 -0.100361380183
0.053 -0.100840617876
0.054 -0.101289123627
0.055 -0.10173136531
0.056 -0.102171562464
0.057 -0.102603777067
0.058 -0.103021204691
0.059 -0.1034272068
0.06 -0.103822607024
0.061 -0.104210782043
0.062 -0.104591715841
0.063 -0.104983270007
0.064 -0.105379504048
0.065 -0.105791511634
0.066 -0.106195437735
0.067 -0.106613464352
0.068 -0.107035369088
0.069 -0.107452608861
0.07 -0.107868596052
0.071 -0.10829189222
0.072 -0.108713085493
0.073 -0.109146753079
0.074 -0.109596357604
0.075 -0.110072246613
0.076 -0.110566745298
0.077 -0.111072154461
0.078 -0.111593669626
0.079 -0.11212357312
0.08 -0.112669652348
0.081 -0.113221586159
0.082 -0.113776796522
0.083 -0.114334426579
0.084 -0.114917864258
0.085 -0.115502043049
0.086 -0.116097375881
0.087 -0.116705630514
0.088 -0.117312934792
0.089 -0.117935817435
0.09 -0.118565613368
0.091 -0.119194495833
0.092 -0.119825079476
0.093 -0.120466103768
0.094 -0.121127217234
0.095 -0.121782221316
0.096 -0.122441610698
0.097 -0.123093119467
0.098 -0.123739357004
0.099 -0.124388215767
0.1 -0.125033545407
0.101 -0.12567357372
0.102 -0.126311809801
0.103 -0.126956187804
0.104 -0.12758906306
0.105 -0.1282360362
0.106 -0.128869717941
0.107 -0.129506011263
0.108 -0.130121872176
0.109 -0.130742088598
0.11 -0.131353348334
0.111 -0.131963627094
0.112 -0.132574701393
0.113 -0.13318924539
0.114 -0.13381440202
0.115 -0.134434135428
0.116 -0.135052896326
0.117 -0.135661738474
0.118 -0.13625705231
0.119 -0.136856718104
0.12 -0.137453573127
0.121 -0.138039529956
0.122 -0.138619948356
0.123 -0.139212798715
0.124 -0.139794711066
0.125 -0.140369258283
0.126 -0.140930106721
0.127 -0.141481731593
0.128 -0.142037659002
0.129 -0.14259337884
0.13 -0.143138029209
0.131 -0.143685167991
0.132 -0.144234801404
0.133 -0.144776045671
0.134 -0.145312511099
0.135 -0.145844184524
0.136 -0.146372872619
0.137 -0.146905852664
0.138 -0.14743584353
0.139 -0.147968310706
0.14 -0.148501434077
0.141 -0.149035214932
0.142 -0.149566910384
0.143 -0.15008644368
0.144 -0.150599280487
0.145 -0.151109988532
0.146 -0.15161580824
0.147 -0.152120401321
0.148 -0.152617328058
0.149 -0.15311393036
0.15 -0.153608365005
0.151 -0.15410062611
0.152 -0.154586095009
0.153 -0.155061984317
0.154 -0.155529193965
0.155 -0.156005274075
0.156 -0.156476362247
0.157 -0.156944298525
0.158 -0.157421127392
0.159 -0.157897591637
0.16 -0.158372761341
0.161 -0.158854997849
0.162 -0.159322923671
0.163 -0.159796053371
0.164 -0.16026880907
0.165 -0.160747717063
0.166 -0.161238392142
0.167 -0.161732456898
0.168 -0.16223085446
0.169 -0.162733595521
0.17 -0.163230389503
0.171 -0.163721220839
0.172 -0.164218268867
0.173 -0.16471403812
0.174 -0.165216981959
0.175 -0.16570266618
0.176 -0.166179518038
0.177 -0.166650341195
0.178 -0.167124548323
0.179 -0.16759554243
0.18 -0.168048205661
0.181 -0.168498559841
0.182 -0.168961732938
0.183 -0.169432076174
0.184 -0.169886868619
0.185 -0.170338398471
0.186 -0.170792351219
0.187 -0.171255380525
0.188 -0.171702795256
0.189 -0.172148826177
0.19 -0.172597277728
0.191 -0.173031005407
0.192 -0.173464276776
0.193 -0.173907587572
0.194 -0.174341860591
0.195 -0.17476994146
0.196 -0.175199467625
0.197 -0.175620869309
0.198 -0.176029337152
0.199 -0.176433469887
0.2 -0.176841892673
0.201 -0.177239251695
0.202 -0.177641857445
0.203 -0.178041066644
0.204 -0.178451307274
0.205 -0.178864899331
0.206 -0.179269319811
0.207 -0.17967129974
0.208 -0.180069867966
0.209 -0.180454389795
0.21 -0.180847069491
0.211 -0.181226640028
0.212 -0.1816104999
0.213 -0.181997689517
0.214 -0.182391125119
0.215 -0.182767531149
0.216 -0.1831560026
0.217 -0.183540045097
0.218 -0.183923538738
0.219 -0.184296749391
0.22 -0.184673289873
0.221 -0.185042445676
0.222 -0.185399323479
0.223 -0.185754633581
0.224 -0.186115209949
0.225 -0.186477153798
0.226 -0.186831664102
0.227 -0.187182640282
0.228 -0.187537911326
0.229 -0.187894545393
0.23 -0.18824862124
0.231 -0.188610931912
0.232 -0.188986407244
0.233 -0.189368194007
0.234 -0.189760241667
0.235 -0.190152726732
0.236 -0.190546635352
0.237 -0.190942956661
0.238 -0.191333800869
0.239 -0.191726068699
0.24 -0.192125693379
0.241 -0.192527745838
0.242 -0.192922332566
0.243 -0.193311417602
0.244 -0.193708867487
0.245 -0.194108748263
0.246 -0.194520001336
0.247 -0.194938678174
0.248 -0.195358829183
0.249 -0.19577548139
0.25 -0.196199582461
0.251 -0.196620184903
0.252 -0.197041270522
0.253 -0.197454853305
0.254 -0.197869907647
0.255 -0.198281437167
0.256 -0.198688432719
0.257 -0.199097893719
0.258 -0.199507821179
0.259 -0.199917212924
0.26 -0.20030599197
0.261 -0.200686165519
0.262 -0.201064750893
0.263 -0.201451804442
0.264 -0.201840297628
0.265 -0.202239301346
0.266 -0.202648839489
0.267 -0.203049763262
0.268 -0.203443062456
0.269 -0.203839836388
0.27 -0.204247172684
0.271 -0.204650924771
0.272 -0.205057161973
0.273 -0.205452710952
0.274 -0.205849721247
0.275 -0.206250226582
0.276 -0.206646106101
0.277 -0.207039382674
0.278 -0.207419873947
0.279 -0.207793661178
0.28 -0.2081576719
0.281 -0.208523102834
0.282 -0.20889097752
0.283 -0.209255172993
0.284 -0.209616703073
0.285 -0.209987835958
0.286 -0.210352214896
0.287 -0.210724165859
0.288 -0.211094479324
0.289 -0.211468280866
0.29 -0.211834284963
0.291 -0.212208912518
0.292 -0.212582929041
0.293 -0.212955304029
0.294 -0.213338389992
0.295 -0.213718814632
0.296 -0.21410482175
0.297 -0.214494359712
0.298 -0.214875042502
0.299 -0.215257185797
0.3 -0.215650102051
0.301 -0.216047604657
0.302 -0.216443488129
0.303 -0.216832564713
0.304 -0.217218968806
0.305 -0.217599579139
0.306 -0.217978538809
0.307 -0.218352724257
0.308 -0.218726287174
0.309 -0.21909193602
0.31 -0.219461117078
0.311 -0.219828623199
0.312 -0.220189231836
0.313 -0.220549194527
0.314 -0.220893876253
0.315 -0.221244163551
0.316 -0.2215979749
0.317 -0.221958460353
0.318 -0.222328779295
0.319 -0.222695315431
0.32 -0.223064359248
0.321 -0.223431713607
0.322 -0.223799477363
0.323 -0.224169755604
0.324 -0.224532024043
0.325 -0.224884157329
0.326 -0.225237732566
0.327 -0.22559591852
0.328 -0.225960837229
0.329 -0.226320878315
0.33 -0.226681318815
0.331 -0.227027342236
0.332 -0.227385395306
0.333 -0.227743845175
0.334 -0.228105874607
0.335 -0.228462999511
0.336 -0.228809897698
0.337 -0.229148672811
0.338 -0.229486753533
0.339 -0.229816686625
0.34 -0.230151237758
0.341 -0.230481888442
0.342 -0.230812897319
0.343 -0.231145332516
0.344 -0.23148453835
0.345 -0.231829460138
0.346 -0.232189738697
0.347 -0.232560054552
0.348 -0.232922215345
0.349 -0.233284780618
0.35 -0.233645605017
0.351 -0.234007905945
0.352 -0.234368462642
0.353 -0.234733723493
0.354 -0.235094012901
0.355 -0.235453627639
0.356 -0.23582549962
0.357 -0.23618700529
0.358 -0.236535962648
0.359 -0.236893947555
0.36 -0.237245846043
0.361 -0.237590562817
0.362 -0.237936742386
0.363 -0.238297387769
0.364 -0.238655184513
0.365 -0.239018805651
0.366 -0.239380663698
0.367 -0.239727715972
0.368 -0.240069715853
0.369 -0.240412092749
0.37 -0.240761380705
0.371 -0.241111056463
0.372 -0.241450215803
0.373 -0.241809391476
0.374 -0.242182075057
0.375 -0.242557367457
0.376 -0.242931993087
0.377 -0.243304855633
0.378 -0.243677046304
0.379 -0.244040889727
0.38 -0.24440514337
0.381 -0.244768710084
0.382 -0.245138180255
0.383 -0.245513566998
0.384 -0.245886080688
0.385 -0.246261220523
0.386 -0.246636788216
0.387 -0.247002858854
0.388 -0.247378173321
0.389 -0.247756125285
0.39 -0.248135615188
0.391 -0.248512221498
0.392 -0.248885937419
0.393 -0.24925121679
0.394 -0.249610257828
0.395 -0.249970813041
0.396 -0.250328444231
0.397 -0.250677588889
0.398 -0.251016004223
0.399 -0.25136258376
0.4 -0.251718458838
0.401 -0.252078077779
0.402 -0.252432526708
0.403 -0.252787374323
0.404 -0.253140387517
0.405 -0.253502739329
0.406 -0.253853197692
0.407 -0.254218601342
0.408 -0.254600104034
0.409 -0.254994379235
0.41 -0.255391358489
0.411 -0.255777573301
0.412 -0.256157493413
0.413 -0.256538976286
0.414 -0.256909645255
0.415 -0.257275106994
0.416 -0.257640985255
0.417 -0.257990360978
0.418 -0.258329970246
0.419 -0.258678995065
0.42 -0.259023890511
0.421 -0.259364647323
0.422 -0.259703520474
0.423 -0.260041638604
0.424 -0.260383534889
0.425 -0.260720140811
0.426 -0.261070746493
0.427 -0.261414930221
0.428 -0.261753814758
0.429 -0.262091939931
0.43 -0.26242930391
0.431 -0.262753369887
0.432 -0.263068670574
0.433 -0.263370622756
0.434 -0.263678611108
0.435 -0.26398693451
0.436 -0.264299024089
0.437 -0.264609166001
0.438 -0.264925371906
0.439 -0.265249946421
0.44 -0.265589788062
0.441 -0.265920829895
0.442 -0.266259130908
0.443 -0.266601258928
0.444 -0.266936870966
0.445 -0.267270556484
0.446 -0.267601159323
0.447 -0.267932130515
0.448 -0.268266931087
0.449 -0.268612495104
0.45 -0.268959604812
0.451 -0.269316355676
0.452 -0.269678141542
0.453 -0.270032238039
0.454 -0.270377469109
0.455 -0.270723090739
0.456 -0.271059820945
0.457 -0.271384156581
0.458 -0.271707690657
0.459 -0.272047863829
0.46 -0.272381438466
0.461 -0.272714222663
0.462 -0.273043883764
0.463 -0.273380910857
0.464 -0.273713649066
0.465 -0.274038585096
0.466 -0.274358039442
0.467 -0.274698900955
0.468 -0.275042488921
0.469 -0.27540169409
0.47 -0.27575310665
0.471 -0.276108440028
0.472 -0.276464180869
0.473 -0.276814455516
0.474 -0.277172184795
0.475 -0.277535032071
0.476 -0.277894765987
0.477 -0.278246665579
0.478 -0.278590713058
0.479 -0.278946953673
0.48 -0.279305966156
0.481 -0.27965120915
0.482 -0.280002759792
0.483 -0.280353529722
0.484 -0.280703516996
0.485 -0.281046792235
0.486 -0.281388085755
0.487 -0.281733329166
0.488 -0.282070649886
0.489 -0.28240359719
0.49 -0.282720262906
0.491 -0.283040853435
0.492 -0.283380867363
0.493 -0.283726038032
0.494 -0.284077570125
0.495 -0.284425923804
0.496 -0.284777067422
0.497 -0.285129811037
0.498 -0.285473385669
0.499 -0.285828133579
0.5 -0.28617729756
0.501 -0.286531661493
0.502 -0.286881632661
0.503 -0.287230805266
0.504 -0.287575570334
0.505 -0.287917121035
0.506 -0.288255450025
0.507 -0.288591754974
0.508 -0.288924825343
0.509 -0.289275169038
0.51 -0.289622293868
0.511 -0.28995168939
0.512 -0.290280248801
0.513 -0.290607970103
0.514 -0.290938484972
0.515 -0.291269375151
0.516 -0.291594576283
0.517 -0.291921359052
0.518 -0.29224972676
0.519 -0.292563879237
0.52 -0.292880816837
0.521 -0.293195675847
0.522 -0.293503578589
0.523 -0.293810605664
0.524 -0.294122855027
0.525 -0.294418362203
0.526 -0.294715417336
0.527 -0.295011578421
0.528 -0.295316630841
0.529 -0.295617126082
0.53 -0.295911829208
0.531 -0.296217892066
0.532 -0.296519389106
0.533 -0.296822449265
0.534 -0.297133218886
0.535 -0.297452943926
0.536 -0.29777303076
0.537 -0.29808362956
0.538 -0.298393345008
0.539 -0.298705874256
0.54 -0.299032328917
0.541 -0.299367799904
0.542 -0.299711071318
0.543 -0.300063397294
0.544 -0.300427273688
0.545 -0.300776715186
0.546 -0.301116647062
0.547 -0.30146069321
0.548 -0.301808862732
0.549 -0.302153710528
0.55 -0.302492742295
0.551 -0.302835898647
0.552 -0.303167001542
0.553 -0.303483531921
0.554 -0.303791692648
0.555 -0.304091465561
0.556 -0.304386578813
0.557 -0.304683270387
0.558 -0.30497654158
0.559 -0.305267636395
0.56 -0.305554045676
0.561 -0.305854556015
0.562 -0.306154149217
0.563 -0.306445293874
0.564 -0.306732995081
0.565 -0.307008449123
0.566 -0.307286720367
0.567 -0.307552714373
0.568 -0.307822775467
0.569 -0.308094391746
0.57 -0.308363783545
0.571 -0.308632207978
0.572 -0.308912289302
0.573 -0.309193943417
0.574 -0.309483495483
0.575 -0.309772104932
0.576 -0.310064834375
0.577 -0.310360425323
0.578 -0.310655079789
0.579 -0.310953871156
0.58 -0.311258077915
0.581 -0.311567711587
0.582 -0.311872610787
0.583 -0.312188035617
0.584 -0.312512735476
0.585 -0.312828888756
0.586 -0.313144128622
0.587 -0.313466110608
0.588 -0.313792294991
0.589 -0.314127803698
0.59 -0.314467540923
0.591 -0.31481279619
0.592 -0.315159738589
0.593 -0.315508371788
0.594 -0.315854850286
0.595 -0.316218429672
0.596 -0.316577303582
0.597 -0.316928888776
0.598 -0.31726802019
0.599 -0.317616565114
0.6 -0.317957788176
0.601 -0.318300702161
0.602 -0.318644019805
0.603 -0.318979990373
0.604 -0.319308597072
0.605 -0.319644055418
0.606 -0.319970842918
0.607 -0.320307080825
0.608 -0.320639822709
0.609 -0.320974251429
0.61 -0.32131037062
0.611 -0.321637786436
0.612 -0.32196168178
0.613 -0.322280747033
0.614 -0.322589761106
0.615 -0.322912164948
0.616 -0.323237552235
0.617 -0.323560707621
0.618 -0.323868561787
0.619 -0.324172847286
0.62 -0.324465706457
0.621 -0.324739259507
0.622 -0.325013117475
0.623 -0.325287280884
0.624 -0.325576181546
0.625 -0.325853593161
0.626 -0.326140511957
0.627 -0.326433013824
0.628 -0.326727163575
0.629 -0.327025597848
0.63 -0.327325690628
0.631 -0.327634038
0.632 -0.32795329693
0.633 -0.328272927592
0.634 -0.328598216541
0.635 -0.328929176312
0.636 -0.329248614523
0.637 -0.329555180911
0.638 -0.329864751678
0.639 -0.330169375123
0.64 -0.330474349556
0.641 -0.330766392792
0.642 -0.33104946453
0.643 -0.331322215461
0.644 -0.331597934472
0.645 -0.331880623709
0.646 -0.332154302431
0.647 -0.33243095644
0.648 -0.332711926699
0.649 -0.332983864665
0.65 -0.333257444714
0.651 -0.333523306888
0.652 -0.333784112102
0.653 -0.334029134382
0.654 -0.33427576591
0.655 -0.334533398487
0.656 -0.3347872908
0.657 -0.335049522745
0.658 -0.335299951435
0.659 -0.335554691501
0.66 -0.335817789161
0.661 -0.336091955182
0.662 -0.336369126368
0.663 -0.336642565574
0.664 -0.336929809953
0.665 -0.337217382899
0.666 -0.33750663656
0.667 -0.337793516799
0.668 -0.338078018388
0.669 -0.338356072715
0.67 -0.338634443048
0.671 -0.338921268245
0.672 -0.339217923729
0.673 -0.339508130431
0.674 -0.339779640458
0.675 -0.340041936006
0.676 -0.34030588728
0.677 -0.340574221902
0.678 -0.340837407302
0.679 -0.341119985411
0.68 -0.341412442271
0.681 -0.341697040742
0.682 -0.341973763811
0.683 -0.342252170296
0.684 -0.342529525798
0.685 -0.342805827958
0.686 -0.343079703547
0.687 -0.343342916345
0.688 -0.343618781186
0.689 -0.343886718323
0.69 -0.34417832972
0.691 -0.34446890302
0.692 -0.344773580081
0.693 -0.345078614137
0.694 -0.345382627037
0.695 -0.345695275079
0.696 -0.346009673161
0.697 -0.346335498338
0.698 -0.346661712808
0.699 -0.346988317285
0.7 -0.347312542366
0.701 -0.347638540787
0.702 -0.347967703597
0.703 -0.348312532093
0.704 -0.348649443939
0.705 -0.34898398216
0.706 -0.349323098433
0.707 -0.349654270261
0.708 -0.349988628026
0.709 -0.350324784222
0.71 -0.350650180958
0.711 -0.350960603042
0.712 -0.351269995031
0.713 -0.351574157822
0.714 -0.351861880429
0.715 -0.352134527815
0.716 -0.352414497729
0.717 -0.352691985516
0.718 -0.352976813035
0.719 -0.353256351757
0.72 -0.35354464944
0.721 -0.353823434589
0.722 -0.354102542239
0.723 -0.354387608851
0.724 -0.354665957281
0.725 -0.354950271924
0.726 -0.355223621299
0.727 -0.355491633853
0.728 -0.35576136819
0.729 -0.356037072945
0.73 -0.356317344778
0.731 -0.356606444686
0.732 -0.356877447772
0.733 -0.3571501825
0.734 -0.357431753086
0.735 -0.357717915079
0.736 -0.358004411775
0.737 -0.358294090245
0.738 -0.358578411673
0.739 -0.35886734139
0.74 -0.359170873966
0.741 -0.359473339997
0.742 -0.359761880512
0.743 -0.360060766743
0.744 -0.36037002159
0.745 -0.360676783005
0.746 -0.360998238526
0.747 -0.361315781137
0.748 -0.361616487123
0.749 -0.361917550738
0.75 -0.362214661382
0.751 -0.362515000841
0.752 -0.362808501646
0.753 -0.363103790134
0.754 -0.363399428788
0.755 -0.363692533421
0.756 -0.363984541746
0.757 -0.364269673063
0.758 -0.364553694468
0.759 -0.364829370234
0.76 -0.36510536815
0.761 -0.365371547808
0.762 -0.365633686996
0.763 -0.365896129273
0.764 -0.366166134148
0.765 -0.366432095034
0.766 -0.366695457024
0.767 -0.366951849771
0.768 -0.367217273545
0.769 -0.367475720895
0.77 -0.367728634894
0.771 -0.367977462786
0.772 -0.368232416037
0.773 -0.368494968547
0.774 -0.36876806067
0.775 -0.369041472859
0.776 -0.3693195984
0.777 -0.36960098215
0.778 -0.369873900103
0.779 -0.370145670881
0.78 -0.370423634342
0.781 -0.370694577795
0.782 -0.370971721473
0.783 -0.371263909082
0.784 -0.371557918609
0.785 -0.371844910522
0.786 -0.372121919167
0.787 -0.372403683077
0.788 -0.372697598375
0.789 -0.372977083414
0.79 -0.373250982223
0.791 -0.373505959144
0.792 -0.373755306408
0.793 -0.374000494484
0.794 -0.374241514557
0.795 -0.374475388871
0.796 -0.374699131609
0.797 -0.374924614018
0.798 -0.375162252214
0.799 -0.375415048503
0.8 -0.375660690371
0.801 -0.375905125322
0.802 -0.376146859023
0.803 -0.376394842198
0.804 -0.376644606518
0.805 -0.376887186532
0.806 -0.377143509624
0.807 -0.377404623122
0.808 -0.377673533363
0.809 -0.377941262236
0.81 -0.378206306819
0.811 -0.378470162498
0.812 -0.378734328984
0.813 -0.378985275577
0.814 -0.379230496639
0.815 -0.379482024615
0.816 -0.379742886163
0.817 -0.380010085781
0.818 -0.380282128289
0.819 -0.380562044131
0.82 -0.380843806236
0.821 -0.381127418574
0.822 -0.381420451878
0.823 -0.381701724408
0.824 -0.381989396995
0.825 -0.382288034113
0.826 -0.382593106818
0.827 -0.382904629737
0.828 -0.383222617649
0.829 -0.383530349533
0.83 -0.38383541456
0.831 -0.384142377745
0.832 -0.384451243307
0.833 -0.384765067733
0.834 -0.385070116621
0.835 -0.385366369613
0.836 -0.385662984194
0.837 -0.385963022597
0.838 -0.386261896654
0.839 -0.386555004229
0.84 -0.38684846913
0.841 -0.387143827451
0.842 -0.387430327242
0.843 -0.387723325726
0.844 -0.388004370698
0.845 -0.388298075852
0.846 -0.388595222442
0.847 -0.388885021407
0.848 -0.389175173701
0.849 -0.38945486701
0.85 -0.389730261189
0.851 -0.390010628503
0.852 -0.390277402202
0.853 -0.390541397054
0.854 -0.390813459627
0.855 -0.391084298346
0.856 -0.391357015765
0.857 -0.391619185247
0.858 -0.391889443074
0.859 -0.392170919285
0.86 -0.392448065909
0.861 -0.392734899249
0.862 -0.393014285005
0.863 -0.393279963221
0.864 -0.393544398866
0.865 -0.393807589089
0.866 -0.394082044747
0.867 -0.39434117934
0.868 -0.394594358184
0.869 -0.394850973991
0.87 -0.395096915286
0.871 -0.395341578227
0.872 -0.395573963099
0.873 -0.395789327768
0.874 -0.396000222025
0.875 -0.396208210845
0.876 -0.396424315065
0.877 -0.39664066955
0.878 -0.396855697305
0.879 -0.3970757096
0.88 -0.397302296326
0.881 -0.397527567511
0.882 -0.397762593174
0.883 -0.398008976912
0.884 -0.398263574858
0.885 -0.398520063661
0.886 -0.39877844735
0.887 -0.399032379547
0.888 -0.399296149272
0.889 -0.399565008313
0.89 -0.399832603352
0.891 -0.400095746842
0.892 -0.400362396199
0.893 -0.400635748445
0.894 -0.40090943501
0.895 -0.401178665338
0.896 -0.401445027588
0.897 -0.401719711269
0.898 -0.40198992985
0.899 -0.40226368234
0.9 -0.402526549313
0.901 -0.402791340055
0.902 -0.403061269526
0.903 -0.403336349119
0.904 -0.403608551234
0.905 -0.403871433242
0.906 -0.404128194678
0.907 -0.404385267388
0.908 -0.40463297668
0.909 -0.404856778931
0.91 -0.405079230615
0.911 -0.405300328808
0.912 -0.405523304706
0.913 -0.405748162184
0.914 -0.405974905134
0.915 -0.406203537466
0.916 -0.40643406311
0.917 -0.406661617635
0.918 -0.406889442515
0.919 -0.407115913151
0.92 -0.407344279053
0.921 -0.407564779848
0.922 -0.407788798515
0.923 -0.408027750249
0.924 -0.408265358396
0.925 -0.408496723846
0.926 -0.408720199953
0.927 -0.408937404251
0.928 -0.409164678245
0.929 -0.409395496662
0.93 -0.40964624544
0.931 -0.409897299468
0.932 -0.410156860667
0.933 -0.410405249966
0.934 -0.410658869459
0.935 -0.410917730619
0.936 -0.411171974232
0.937 -0.411416650966
0.938 -0.41165338728
0.939 -0.411897004179
0.94 -0.412140916934
0.941 -0.412388428335
0.942 -0.412624675241
0.943 -0.412862861154
0.944 -0.413093061959
0.945 -0.413333475131
0.946 -0.413577494394
0.947 -0.413820152587
0.948 -0.414064765689
0.949 -0.414316320161
0.95 -0.414574831295
0.951 -0.414833661579
0.952 -0.415099469567
0.953 -0.415368939416
0.954 -0.415635411255
0.955 -0.415898878162
0.956 -0.416182706767
0.957 -0.416475248072
0.958 -0.416758128517
0.959 -0.417039692741
0.96 -0.417329986006
0.961 -0.417617296179
0.962 -0.417903293505
0.963 -0.418193010755
0.964 -0.418486456499
0.965 -0.418778595465
0.966 -0.419074472277
0.967 -0.419370727718
0.968 -0.419672418366
0.969 -0.419969437279
0.97 -0.420263461168
0.971 -0.420540968791
0.972 -0.420810374423
0.973 -0.421090269409
0.974 -0.421375598488
0.975 -0.42165790185
0.976 -0.421933780757
0.977 -0.422213402676
0.978 -0.422501871393
0.979 -0.422778810666
0.98 -0.423047595688
0.981 -0.42332523085
0.982 -0.423589589122
0.983 -0.42385939419
0.984 -0.424131245953
0.985 -0.424389781106
0.986 -0.424655475131
0.987 -0.42492150372
0.988 -0.425186156076
0.989 -0.425447716192
0.99 -0.425699320801
0.991 -0.42596324638
0.992 -0.426218921358
0.993 -0.426464609057
0.994 -0.426717478771
0.995 -0.426967223704
0.996 -0.427213836726
0.997 -0.427469372024
0.998 -0.427728676603
0.999 -0.427979679271
1.0 -0.428239630725
1.001 -0.428513736158
1.002 -0.428779542924
1.003 -0.429042224638
1.004 -0.42931736452
1.005 -0.429582454161
1.006 -0.429840940184
1.007 -0.43010843372
1.008 -0.430381480205
1.009 -0.430642702845
1.01 -0.430897295185
1.011 -0.431160916255
1.012 -0.431431843761
1.013 -0.431701373074
1.014 -0.431985211643
1.015 -0.432269416761
1.016 -0.432564479686
1.017 -0.432861677106
1.018 -0.433152257834
1.019 -0.433429195526
1.02 -0.433709997579
1.021 -0.433984140887
1.022 -0.434272690289
1.023 -0.434559856734
1.024 -0.434854434403
1.025 -0.435151158104
1.026 -0.435437696387
1.027 -0.435717552299
1.028 -0.435994240132
1.029 -0.436274818269
1.03 -0.436548688431
1.031 -0.436817603998
1.032 -0.437086865159
1.033 -0.437356472592
1.034 -0.437626426973
1.035 -0.437884305687
1.036 -0.438153170194
1.037 -0.438417048399
1.038 -0.438670592019
1.039 -0.438911997066
1.04 -0.439144799085
1.041 -0.439358281908
1.042 -0.439577380637
1.043 -0.439809249189
1.044 -0.440032474814
1.045 -0.440243462299
1.046 -0.440461867547
1.047 -0.440669800313
1.048 -0.440879781246
1.049 -0.441088228279
1.05 -0.441300521536
1.051 -0.44151487349
1.052 -0.441740274228
1.053 -0.441973151188
1.054 -0.442199122409
1.055 -0.44242177474
1.056 -0.442637495837
1.057 -0.442867915761
1.058 -0.443100431195
1.059 -0.443340466257
1.06 -0.443582614246
1.061 -0.443832307628
1.062 -0.444078699732
1.063 -0.44432721895
1.064 -0.444588750601
1.065 -0.444856065504
1.066 -0.445120095737
1.067 -0.445380833469
1.068 -0.445649185516
1.069 -0.445917887504
1.07 -0.44619605006
1.071 -0.446478225284
1.072 -0.446758947925
1.073 -0.447036387989
1.074 -0.447321504421
1.075 -0.447601510468
1.076 -0.447869070759
1.077 -0.448131484384
1.078 -0.448396073519
1.079 -0.448666513264
1.08 -0.448942817378
1.081 -0.449221323777
1.082 -0.449496519241
1.083 -0.449761032107
1.084 -0.450024048691
1.085 -0.450280034007
1.086 -0.450547423634
1.087 -0.450818857676
1.088 -0.451090649309
1.089 -0.451368348162
1.09 -0.451635308216
1.091 -0.451910029512
1.092 -0.452170281842
1.093 -0.452434585817
1.094 -0.452684381386
1.095 -0.452919634704
1.096 -0.453153330695
1.097 -0.453394771577
1.098 -0.453640249833
1.099 -0.453882318484
1.1 -0.454122835035
1.101 -0.454367396538
1.102 -0.454617880612
1.103 -0.454848123686
1.104 -0.455095503536
1.105 -0.455346951012
1.106 -0.45560809799
1.107 -0.455869589054
1.108 -0.456148319179
1.109 -0.456431179137
1.11 -0.456703137234
1.111 -0.456964167116
1.112 -0.457218009012
1.113 -0.457472184362
1.114 -0.457717263368
1.115 -0.457956999814
1.116 -0.458191381243
1.117 -0.458418504839
1.118 -0.45865538063
1.119 -0.458905817683
1.12 -0.459149004576
1.121 -0.459398198287
1.122 -0.459655310578
1.123 -0.459908964343
1.124 -0.460172456768
1.125 -0.460428690452
1.126 -0.460694782262
1.127 -0.460951702342
1.128 -0.461212776559
1.129 -0.461476106342
1.13 -0.461741696966
1.131 -0.462021022298
1.132 -0.462285420846
1.133 -0.462559745052
1.134 -0.462847851089
1.135 -0.46313826676
1.136 -0.463429078371
1.137 -0.463706840861
1.138 -0.463994590849
1.139 -0.464273112926
1.14 -0.46455971428
1.141 -0.464837070384
1.142 -0.465124445535
1.143 -0.465410282448
1.144 -0.465686849574
1.145 -0.465956057527
1.146 -0.466214018321
1.147 -0.466478133684
1.148 -0.466746480219
1.149 -0.467022947441
1.15 -0.467299789965
1.151 -0.467573122836
1.152 -0.467835159622
1.153 -0.46810922476
1.154 -0.468381714328
1.155 -0.46866626864
1.156 -0.468943409319
1.157 -0.469218975144
1.158 -0.469481238244
1.159 -0.469732121851
1.16 -0.469993126468
1.161 -0.470252524374
1.162 -0.470504430895
1.163 -0.470764522255
1.164 -0.471023001188
1.165 -0.471270038999
1.166 -0.471493809684
1.167 -0.47172574639
1.168 -0.471950112105
1.169 -0.472176744195
1.17 -0.472387895205
1.171 -0.472585503808
1.172 -0.472803122146
1.173 -0.473003233328
1.174 -0.473189754793
1.175 -0.473392354356
1.176 -0.473585310262
1.177 -0.473770583791
1.178 -0.473966016325
1.179 -0.474187516838
1.18 -0.474417259173
1.181 -0.474653273587
1.182 -0.474875670035
1.183 -0.475102344689
1.184 -0.47533530099
1.185 -0.475580539037
1.186 -0.475828104313
1.187 -0.476062015681
1.188 -0.476308239256
1.189 -0.476546789371
1.19 -0.476799681524
1.191 -0.477056926623
1.192 -0.47730047812
1.193 -0.477544358463
1.194 -0.477788568325
1.195 -0.4780411529
1.196 -0.478298106799
1.197 -0.478557426126
1.198 -0.478825164706
1.199 -0.479089236826
1.2 -0.47934155592
1.201 -0.479600282108
1.202 -0.479849249861
1.203 -0.480100580905
1.204 -0.480348203196
1.205 -0.480598190181
1.206 -0.480852576626
1.207 -0.481095126736
1.208 -0.481342071167
1.209 -0.481587318253
1.21 -0.481824756757
1.211 -0.482060479752
1.212 -0.482298560853
1.213 -0.482526762419
1.214 -0.482734850523
1.215 -0.482945258684
1.216 -0.483151856496
1.217 -0.483356681891
1.218 -0.483569972537
1.219 -0.483795847991
1.22 -0.484015873426
1.221 -0.484232088204
1.222 -0.484454757267
1.223 -0.484677726478
1.224 -0.484892764371
1.225 -0.485089554404
1.226 -0.485280421565
1.227 -0.485477728482
1.228 -0.485671168442
1.229 -0.485873127557
1.23 -0.486085692799
1.231 -0.48630268162
1.232 -0.486522033627
1.233 -0.486737537354
1.234 -0.486957479396
1.235 -0.487179794559
1.236 -0.487406565585
1.237 -0.487646118531
1.238 -0.487896403646
1.239 -0.488130377385
1.24 -0.488354252094
1.241 -0.48859511606
1.242 -0.4888404866
1.243 -0.48908201863
1.244 -0.489313430696
1.245 -0.489543067653
1.246 -0.489764643159
1.247 -0.489986520507
1.248 -0.49020240842
1.249 -0.490429084254
1.25 -0.490649768574
1.251 -0.490866549323
1.252 -0.491083625048
1.253 -0.491300996356
1.254 -0.491512342072
1.255 -0.491707103509
1.256 -0.491900015682
1.257 -0.492097410593
1.258 -0.492305639823
1.259 -0.49251626699
1.26 -0.492712361064
1.261 -0.49290871906
1.262 -0.493122304252
1.263 -0.493329814853
1.264 -0.493552473421
1.265 -0.493779689016
1.266 -0.494013599668
1.267 -0.494256350448
1.268 -0.494514354968
1.269 -0.49476845923
1.27 -0.495031458667
1.271 -0.495299103518
1.272 -0.495558578402
1.273 -0.49580772303
1.274 -0.496057218384
1.275 -0.496302778931
1.276 -0.496535815255
1.277 -0.496756296681
1.278 -0.496985676041
1.279 -0.497217524607
1.28 -0.49744539282
1.281 -0.497690806665
1.282 -0.497912857475
1.283 -0.498156787065
1.284 -0.498394583747
1.285 -0.498630553591
1.286 -0.49886252958
1.287 -0.499101322717
1.288 -0.499327456058
1.289 -0.49956691108
1.29 -0.499806703455
1.291 -0.500038148731
1.292 -0.500259053305
1.293 -0.500486789828
1.294 -0.50071049201
1.295 -0.50093886325
1.296 -0.501158834221
1.297 -0.501359475371
1.298 -0.501566943102
1.299 -0.501783438917
1.3 -0.501995862137
1.301 -0.502197636532
1.302 -0.502399689241
1.303 -0.502606405339
1.304 -0.502817795882
1.305 -0.503036067801
1.306 -0.50324585482
1.307 -0.5034449372
1.308 -0.50363769147
1.309 -0.50382850809
1.31 -0.50401297358
1.311 -0.504202103751
1.312 -0.504384870126
1.313 -0.504563467391
1.314 -0.504751153444
1.315 -0.504939097433
1.316 -0.505136158898
1.317 -0.505335709829
1.318 -0.505539974364
1.319 -0.505755623957
1.32 -0.505969354837
1.321 -0.506172267593
1.322 -0.506382139628
1.323 -0.506596760435
1.324 -0.506816141481
1.325 -0.507031370777
1.326 -0.507240205428
1.327 -0.507447098808
1.328 -0.507649809879
1.329 -0.507857280717
1.33 -0.508076242404
1.331 -0.508286547501
1.332 -0.508472470505
1.333 -0.508633953867
1.334 -0.508791163343
1.335 -0.508944089168
1.336 -0.509106223202
1.337 -0.509273082456
1.338 -0.509440170279
1.339 -0.509609742619
1.34 -0.509777290735
1.341 -0.509945068844
1.342 -0.510110816731
1.343 -0.510283579389
1.344 -0.5104497879
1.345 -0.510616224825
1.346 -0.510782890638
1.347 -0.510954324678
1.348 -0.511119182012
1.349 -0.511268355753
1.35 -0.511415457886
1.351 -0.511567312662
1.352 -0.511730765086
1.353 -0.511896722489
1.354 -0.512078880412
1.355 -0.512261292918
1.356 -0.512423393463
1.357 -0.512585717539
1.358 -0.512759709341
1.359 -0.512943105653
1.36 -0.513138221199
1.361 -0.513335907103
1.362 -0.513533873394
1.363 -0.513734418653
1.364 -0.513919150409
1.365 -0.514111047149
1.366 -0.514300912017
1.367 -0.514493350756
1.368 -0.514695291192
1.369 -0.514879047202
1.37 -0.515067684218
1.371 -0.515265839511
1.372 -0.515450389445
1.373 -0.515621301332
1.374 -0.515778542959
1.375 -0.515945282995
1.376 -0.516102968621
1.377 -0.516242284267
1.378 -0.516400394174
1.379 -0.516549415267
1.38 -0.516707958428
1.381 -0.516862060904
1.382 -0.517030373215
1.383 -0.517196587501
1.384 -0.517360698766
1.385 -0.517511011535
1.386 -0.517656853337
1.387 -0.517826314073
1.388 -0.5179819524
1.389 -0.518116700143
1.39 -0.51824928629
1.391 -0.518377357084
1.392 -0.518484448415
1.393 -0.518594036693
1.394 -0.518713189367
1.395 -0.518832504651
1.396 -0.518966127984
1.397 -0.519104654472
1.398 -0.519255178742
1.399 -0.519401187671
1.4 -0.519545035562
1.401 -0.519689083998
1.402 -0.519852281047
1.403 -0.52001096835
1.404 -0.520167507423
1.405 -0.520329015327
1.406 -0.520519263509
1.407 -0.52071454257
1.408 -0.520905345195
1.409 -0.52111071523
1.41 -0.521311617955
1.411 -0.521503270507
1.412 -0.521702364456
1.413 -0.52189218981
1.414 -0.522091857405
1.415 -0.522298997937
1.416 -0.52249446417
1.417 -0.52268302241
1.418 -0.522871854507
1.419 -0.523065764321
1.42 -0.523257553496
1.421 -0.523427972153
1.422 -0.523603450741
1.423 -0.523781592036
1.424 -0.523957579654
1.425 -0.524133821642
1.426 -0.524307903246
1.427 -0.524496740097
1.428 -0.524676175658
1.429 -0.524834080822
1.43 -0.52498736578
1.431 -0.525136019525
1.432 -0.525284884902
1.433 -0.525446106556
1.434 -0.525600267667
1.435 -0.525752216777
1.436 -0.525916556402
1.437 -0.526093316376
1.438 -0.526267895211
1.439 -0.526445168737
1.44 -0.526637356692
1.441 -0.526817604686
1.442 -0.526985883204
1.443 -0.527139714495
1.444 -0.527296217637
1.445 -0.527462756538
1.446 -0.527636900993
1.447 -0.527818669602
1.448 -0.527993329679
1.449 -0.528155942573
1.45 -0.528331104422
1.451 -0.528484341969
1.452 -0.528627934929
1.453 -0.528766797227
1.454 -0.528923151011
1.455 -0.529062425028
1.456 -0.529174681996
1.457 -0.529289573106
1.458 -0.529397192403
1.459 -0.529502483042
1.46 -0.529600476321
1.461 -0.529706057173
1.462 -0.529804330087
1.463 -0.529907715064
1.464 -0.530033648135
1.465 -0.530154778748
1.466 -0.530271095738
1.467 -0.530375103091
1.468 -0.530464276037
1.469 -0.530571064117
1.47 -0.530683004339
1.471 -0.530797605975
1.472 -0.53090485733
1.473 -0.531034817973
1.474 -0.531174999296
1.475 -0.531307852884
1.476 -0.531433361358
1.477 -0.531574136241
1.478 -0.531712599509
1.479 -0.531858818986
1.48 -0.532020374572
1.481 -0.532164511627
1.482 -0.532298761458
1.483 -0.532440785592
1.484 -0.532593131194
1.485 -0.532730517738
1.486 -0.532852909383
1.487 -0.532967874265
1.488 -0.533085540807
1.489 -0.533205915295
1.49 -0.533331544483
1.491 -0.533444643799
1.492 -0.53356808338
1.493 -0.53369679476
1.494 -0.533838435806
1.495 -0.533995588293
1.496 -0.534145316435
1.497 -0.53429526615
1.498 -0.53445310836
1.499 -0.534616303578
1.5 -0.534792548327
1.501 -0.534987002144
1.502 -0.535163794889
1.503 -0.535353693237
1.504 -0.535518183077
1.505 -0.535685491886
1.506 -0.535853052573
1.507 -0.536002832071
1.508 -0.536145099755
1.509 -0.53629273924
1.51 -0.536440598611
1.511 -0.536573170638
1.512 -0.536716285119
1.513 -0.536867378961
1.514 -0.537021289874
1.515 -0.537188397354
1.516 -0.537342781299
1.517 -0.537499994648
1.518 -0.53766524367
1.519 -0.537817734041
1.52 -0.53798086947
1.521 -0.538141645872
1.522 -0.538294840632
1.523 -0.538427382626
1.524 -0.538565346785
1.525 -0.538693058297
1.526 -0.538818342567
1.527 -0.538946431419
1.528 -0.539056363953
1.529 -0.539166457963
1.53 -0.539284589052
1.531 -0.539387131839
1.532 -0.539497712421
1.533 -0.539603193309
1.534 -0.539700929082
1.535 -0.539801443169
1.536 -0.539910017047
1.537 -0.540016111486
1.538 -0.540138212322
1.539 -0.540271070511
1.54 -0.54042265058
1.541 -0.540569164765
1.542 -0.540718551784
1.543 -0.540876124208
1.544 -0.541036592773
1.545 -0.541189335959
1.546 -0.541336993645
1.547 -0.541487537927
1.548 -0.541627656697
1.549 -0.541759990012
1.55 -0.541897859744
1.551 -0.542038609143
1.552 -0.542192936131
1.553 -0.542336800325
1.554 -0.542478206935
1.555 -0.542619829169
1.556 -0.542742896261
1.557 -0.542868832759
1.558 -0.542989587761
1.559 -0.543118589343
1.56 -0.543247786648
1.561 -0.543363717204
1.562 -0.54348251711
1.563 -0.543579921009
1.564 -0.543666673906
1.565 -0.543756256293
1.566 -0.543845971577
1.567 -0.543924998596
1.568 -0.544006849625
1.569 -0.544086112117
1.57 -0.544157356699
1.571 -0.544220564819
1.572 -0.544286581203
1.573 -0.544363565987
1.574 -0.544443384635
1.575 -0.544517877321
1.576 -0.544619723027
1.577 -0.54472172217
1.578 -0.544821146388
1.579 -0.544928913076
1.58 -0.545031376823
1.581 -0.545136730737
1.582 -0.545258669707
1.583 -0.54539175507
1.584 -0.545533272632
1.585 -0.545666776568
1.586 -0.545786753046
1.587 -0.545920659033
1.588 -0.546049269721
1.589 -0.54617532546
1.59 -0.546287795944
1.591 -0.546416988081
1.592 -0.546551901499
1.593 -0.546698076567
1.594 -0.546838950196
1.595 -0.546985579457
1.596 -0.547126898887
1.597 -0.547262894839
1.598 -0.547418526621
1.599 -0.547588290864
1.6 -0.547755546637
1.601 -0.547931415876
1.602 -0.548090859752
1.603 -0.548264492532
1.604 -0.548435614551
1.605 -0.54860701108
1.606 -0.548789860903
1.607 -0.548964615425
1.608 -0.549145250549
1.609 -0.549328979986
1.61 -0.549524225925
1.611 -0.549711369419
1.612 -0.549896007757
1.613 -0.55007250955
1.614 -0.550257741418
1.615 -0.550440457626
1.616 -0.55061501152
1.617 -0.550772913972
1.618 -0.550936719448
1.619 -0.551100788875
1.62 -0.551276442441
1.621 -0.551435386937
1.622 -0.551571908262
1.623 -0.551697297316
1.624 -0.551831403309
1.625 -0.551971406555
1.626 -0.552111633088
1.627 -0.552246389267
1.628 -0.552387059036
1.629 -0.552536509835
1.63 -0.552709037824
1.631 -0.552896133657
1.632 -0.553114996998
1.633 -0.553334228332
1.634 -0.553559559415
1.635 -0.553770930587
1.636 -0.553988397929
1.637 -0.554209105127
1.638 -0.554418679749
1.639 -0.554619969135
1.64 -0.554830240029
1.641 -0.555029326781
1.642 -0.555202762668
1.643 -0.55536203596
1.644 -0.55553313831
1.645 -0.555710312119
1.646 -0.555881983854
1.647 -0.556056838867
1.648 -0.556223274587
1.649 -0.556387078861
1.65 -0.556556968626
1.651 -0.556741692657
1.652 -0.556938378619
1.653 -0.5571208142
1.654 -0.557288959763
1.655 -0.55746322651
1.656 -0.557620237844
1.657 -0.55776872725
1.658 -0.557920389258
1.659 -0.558084028419
1.66 -0.558247938477
1.661 -0.558412120108
1.662 -0.55857657399
1.663 -0.558750129044
1.664 -0.55892691939
1.665 -0.559109902157
1.666 -0.559290241648
1.667 -0.559453161998
1.668 -0.559622266131
1.669 -0.55979461194
1.67 -0.559976132054
1.671 -0.560149064305
1.672 -0.560313384767
1.673 -0.560480949818
1.674 -0.560648795562
1.675 -0.560813947177
1.676 -0.560988310253
1.677 -0.56117489151
1.678 -0.561349854164
1.679 -0.56153705888
1.68 -0.56172757167
1.681 -0.561900455536
1.682 -0.562070636423
1.683 -0.562229113206
1.684 -0.562369852515
1.685 -0.562525841825
1.686 -0.562676080737
1.687 -0.562817544742
1.688 -0.5629471986
1.689 -0.563098165811
1.69 -0.563234301742
1.691 -0.563364624953
1.692 -0.563507253428
1.693 -0.563650120383
1.694 -0.563778087585
1.695 -0.56391232809
1.696 -0.564052858806
1.697 -0.564184516989
1.698 -0.564301201382
1.699 -0.564427202652
1.7 -0.564550369475
1.701 -0.564688974978
1.702 -0.564840011576
1.703 -0.564991303764
1.704 -0.565142852193
1.705 -0.565306889895
1.706 -0.565489573948
1.707 -0.565678701752
1.708 -0.565874291835
1.709 -0.566057943421
1.71 -0.566248059008
1.711 -0.566435429771
1.712 -0.566620047688
1.713 -0.566808068173
1.714 -0.566993331583
1.715 -0.567188180572
1.716 -0.567405006044
1.717 -0.567603653464
1.718 -0.567790262906
1.719 -0.567977198382
1.72 -0.568139638847
1.721 -0.568317887842
1.722 -0.568480904242
1.723 -0.568656648682
1.724 -0.568842043103
1.725 -0.569043350814
1.726 -0.569241894188
1.727 -0.56946265567
1.728 -0.569708829345
1.729 -0.569955450844
1.73 -0.570183720166
1.731 -0.570399854512
1.732 -0.570606956956
1.733 -0.570814429062
1.734 -0.571022271824
1.735 -0.571224187903
1.736 -0.571413855023
1.737 -0.571581771175
1.738 -0.571759456441
1.739 -0.571927970811
1.74 -0.57209361652
1.741 -0.57225321782
1.742 -0.572425780019
1.743 -0.572608167098
1.744 -0.572781347724
1.745 -0.572945295037
1.746 -0.573122261677
1.747 -0.573289984302
1.748 -0.573448436045
1.749 -0.57362631809
1.75 -0.573804516241
1.751 -0.573995824551
1.752 -0.574177871452
1.753 -0.574360243321
1.754 -0.574539733268
1.755 -0.574703489189
1.756 -0.574857893204
1.757 -0.575028654572
1.758 -0.575183619024
1.759 -0.575348526885
1.76 -0.575523407053
1.761 -0.575698599949
1.762 -0.575854709905
1.763 -0.57602080405
1.764 -0.576209867822
1.765 -0.576389546411
1.766 -0.576579284925
1.767 -0.576753123237
1.768 -0.57694678564
1.769 -0.57712777903
1.77 -0.577302582415
1.771 -0.577480962339
1.772 -0.577636810329
1.773 -0.577770060716
1.774 -0.577893733057
1.775 -0.578011074357
1.776 -0.578145006718
1.777 -0.578269335116
1.778 -0.578397165672
1.779 -0.578518648933
1.78 -0.578660083341
1.781 -0.578795184176
1.782 -0.578937116752
1.783 -0.579072704451
1.784 -0.579208533404
1.785 -0.579347909643
1.786 -0.579487534785
1.787 -0.579630721267
1.788 -0.579787424396
1.789 -0.579951047313
1.79 -0.580128253733
1.791 -0.580322409508
1.792 -0.580506939058
1.793 -0.580681813045
1.794 -0.580860342533
1.795 -0.581012492875
1.796 -0.581181627258
1.797 -0.581351071278
1.798 -0.581524174173
1.799 -0.581687539916
1.8 -0.581847849412
1.801 -0.58201181025
1.802 -0.582172709793
1.803 -0.582333903908
1.804 -0.582498761855
1.805 -0.582674038271
1.806 -0.582842888311
1.807 -0.583025564469
1.808 -0.583198433939
1.809 -0.583391936859
1.81 -0.583592580502
1.811 -0.583790209075
1.812 -0.583984813072
1.813 -0.584186582049
1.814 -0.584398941642
1.815 -0.584591263447
1.816 -0.584794178037
1.817 -0.585004304618
1.818 -0.585204578005
1.819 -0.585394967144
1.82 -0.585568591967
1.821 -0.585749397491
1.822 -0.585909952888
1.823 -0.586074241761
1.824 -0.586228521329
1.825 -0.586358993786
1.826 -0.586503486472
1.827 -0.586651694981
1.828 -0.586789821693
1.829 -0.586942025662
1.83 -0.587111808498
1.831 -0.587274985066
1.832 -0.587438467506
1.833 -0.587609196211
1.834 -0.587769826761
1.835 -0.587913374629
1.836 -0.588074591096
1.837 -0.588243078421
1.838 -0.588418858967
1.839 -0.588615920059
1.84 -0.58878540073
1.841 -0.588965697702
1.842 -0.589135832153
1.843 -0.589295772474
1.844 -0.5894805799
1.845 -0.589686819607
1.846 -0.589893459093
1.847 -0.590072334875
1.848 -0.590262125728
1.849 -0.590438170364
1.85 -0.590621615246
1.851 -0.590805412908
1.852 -0.59097894714
1.853 -0.591156356658
1.854 -0.591309281968
1.855 -0.591451847552
1.856 -0.591619558117
1.857 -0.591766245903
1.858 -0.591920333886
1.859 -0.592092538973
1.86 -0.59227221259
1.861 -0.592480812269
1.862 -0.592671940812
1.863 -0.592859861889
1.864 -0.593040981326
1.865 -0.593215277361
1.866 -0.593386319637
1.867 -0.593557692912
1.868 -0.593743793941
1.869 -0.593933861335
1.87 -0.594120694358
1.871 -0.594340388673
1.872 -0.594535218168
1.873 -0.594730431173
1.874 -0.594922406416
1.875 -0.595096628193
1.876 -0.595267560036
1.877 -0.595424289654
1.878 -0.595592236191
1.879 -0.595771435226
1.88 -0.5959801509
1.881 -0.59618928297
1.882 -0.596413447547
1.883 -0.596623432311
1.884 -0.596837499105
1.885 -0.597040997838
1.886 -0.597248573029
1.887 -0.597449216183
1.888 -0.597664972304
1.889 -0.597870116795
1.89 -0.598090417594
1.891 -0.598314854376
1.892 -0.598565608518
1.893 -0.598794685224
1.894 -0.599002010652
1.895 -0.599209754099
1.896 -0.599436472844
1.897 -0.599645076829
1.898 -0.59985782223
1.899 -0.600059828091
1.9 -0.600262241828
1.901 -0.600453868918
1.902 -0.600653353621
1.903 -0.600856981793
1.904 -0.601053534067
1.905 -0.601254232272
1.906 -0.601455337447
1.907 -0.601649337095
1.908 -0.601836207455
1.909 -0.602000864474
1.91 -0.602169619671
1.911 -0.602331166614
1.912 -0.602489259135
1.913 -0.602628760776
1.914 -0.60276475333
1.915 -0.602901014879
1.916 -0.603052719462
1.917 -0.603204727025
1.918 -0.603379847742
1.919 -0.603536294253
1.92 -0.603685435159
1.921 -0.603831060685
1.922 -0.603984613356
1.923 -0.604161407533
1.924 -0.604346214262
1.925 -0.604535229489
1.926 -0.6047323023
1.927 -0.604925941669
1.928 -0.605089230453
1.929 -0.605225916408
1.93 -0.605351320979
1.931 -0.605473119877
1.932 -0.605599021452
1.933 -0.60570585472
1.934 -0.6058206357
1.935 -0.605947261601
1.936 -0.606081893947
1.937 -0.606185754294
1.938 -0.6062975897
1.939 -0.606413536794
1.94 -0.606518038034
1.941 -0.606618850714
1.942 -0.606751070462
1.943 -0.606875747566
1.944 -0.607039769209
1.945 -0.607211955966
1.946 -0.607392335196
1.947 -0.607604470623
1.948 -0.607840618078
1.949 -0.608085134529
1.95 -0.608322302736
1.951 -0.608552096286
1.952 -0.608794219188
1.953 -0.60901710898
1.954 -0.609228608199
1.955 -0.60943263674
1.956 -0.609617274934
1.957 -0.609814208137
1.958 -0.610003610609
1.959 -0.6101934126
1.96 -0.610391580937
1.961 -0.610590169759
1.962 -0.61078518837
1.963 -0.610960637794
1.964 -0.611132455346
1.965 -0.611328668525
1.966 -0.611525299479
1.967 -0.611714319386
1.968 -0.611915800305
1.969 -0.612117712413
1.97 -0.612328115505
1.971 -0.612526869681
1.972 -0.612709895288
1.973 -0.612929700606
1.974 -0.613149982443
1.975 -0.613370742357
1.976 -0.613608213766
1.977 -0.613838079738
1.978 -0.614048109307
1.979 -0.614262666709
1.98 -0.61447769058
1.981 -0.614680935576
1.982 -0.614876446745
1.983 -0.615076472264
1.984 -0.615285124814
1.985 -0.615502435149
1.986 -0.615720221055
1.987 -0.615930260958
1.988 -0.616140759807
1.989 -0.616314627047
1.99 -0.616488868563
1.991 -0.616638700679
1.992 -0.616784716837
1.993 -0.616947604912
1.994 -0.617077683456
1.995 -0.617220486304
1.996 -0.617376056847
1.997 -0.617511165971
1.998 -0.617629907808
1.999 -0.617778079806
2.0 -0.617918223361
2.001 -0.61808791333
2.002 -0.618253788898
2.003 -0.618415836608
2.004 -0.618578235731
2.005 -0.618753580419
2.006 -0.618916700526
2.007 -0.619071760541
2.008 -0.619252431528
2.009 -0.619446152059
2.01 -0.61966985995
2.011 -0.619898297948
2.012 -0.620131483483
2.013 -0.620348241712
2.014 -0.620540024708
2.015 -0.620727984959
2.016 -0.62090785481
2.017 -0.6210838639
2.018 -0.621255998301
2.019 -0.62143278196
2.02 -0.621618505565
2.021 -0.621791805092
2.022 -0.621961204466
2.023 -0.62213097905
2.024 -0.622288246566
2.025 -0.62245446032
2.026 -0.622603823999
2.027 -0.622749207058
2.028 -0.622899224917
2.029 -0.623066853622
2.03 -0.623247831201
2.031 -0.623450867076
2.032 -0.623650027528
2.033 -0.623867004144
2.034 -0.624093170179
2.035 -0.624302447076
2.036 -0.624507844095
2.037 -0.624739887701
2.038 -0.624963730039
2.039 -0.625188088019
2.04 -0.625408583795
2.041 -0.62562520257
2.042 -0.625811586012
2.043 -0.625972018169
2.044 -0.626150416057
2.045 -0.626355658965
2.046 -0.626570198456
2.047 -0.626780816068
2.048 -0.627005190455
2.049 -0.62723008673
2.05 -0.627459941479
2.051 -0.627699214101
2.052 -0.627921263619
2.053 -0.628121572094
2.054 -0.628304514662
2.055 -0.628496803203
2.056 -0.628698472673
2.057 -0.628882714007
2.058 -0.629067380156
2.059 -0.629256957773
2.06 -0.629437992801
2.061 -0.629632935072
2.062 -0.629805820485
2.063 -0.629992627316
2.064 -0.630179867896
2.065 -0.630367543742
2.066 -0.630555656374
2.067 -0.630703435099
2.068 -0.63087876698
2.069 -0.631059047437
2.07 -0.631221559192
2.071 -0.631375341497
2.072 -0.631529478602
2.073 -0.631679407831
2.074 -0.631834252604
2.075 -0.63197573045
2.076 -0.63212669573
2.077 -0.632273424255
2.078 -0.632420492321
2.079 -0.632581694244
2.08 -0.632747875791
2.081 -0.632919055595
2.082 -0.633099867582
2.083 -0.633299590503
2.084 -0.633499789052
2.085 -0.633700464936
2.086 -0.63389698084
2.087 -0.63409396551
2.088 -0.634296071652
2.089 -0.634498661998
2.09 -0.634701738296
2.091 -0.634919310027
2.092 -0.635132732547
2.093 -0.635341989321
2.094 -0.635514250702
2.095 -0.635691615632
2.096 -0.635869404096
2.097 -0.636028795504
2.098 -0.636174431191
2.099 -0.636334563057
2.1 -0.636480906149
2.101 -0.636632325178
2.102 -0.636765163336
2.103 -0.636907797188
2.104 -0.637060263632
2.105 -0.6372273532
2.106 -0.63739960348
2.107 -0.637610393349
2.108 -0.637821699903
2.109 -0.638038303415
2.11 -0.638255440217
2.111 -0.638492277266
2.112 -0.638744096989
2.113 -0.63896291655
2.114 -0.639163034484
2.115 -0.639354010154
2.116 -0.639550277458
2.117 -0.639737367777
2.118 -0.639920080798
2.119 -0.640103241638
2.12 -0.640277154133
2.121 -0.640451492237
2.122 -0.64060681125
2.123 -0.640747904939
2.124 -0.640899088385
2.125 -0.641084802859
2.126 -0.641270976438
2.127 -0.641442930458
2.128 -0.641620207975
2.129 -0.64180283003
2.13 -0.641966253319
2.131 -0.642125159811
2.132 -0.642284457367
2.133 -0.642458944093
2.134 -0.642633863883
2.135 -0.642809218353
2.136 -0.642980057174
2.137 -0.643141403753
2.138 -0.64329818537
2.139 -0.64345535542
2.14 -0.643627849751
2.141 -0.643810744786
2.142 -0.643999090829
2.143 -0.644187911513
2.144 -0.644362193283
2.145 -0.644541924555
2.146 -0.644757239447
2.147 -0.644958028042
2.148 -0.645164360459
2.149 -0.645366180434
2.15 -0.645563469164
2.151 -0.645776421377
2.152 -0.645984860303
2.153 -0.646198901926
2.154 -0.646408420388
2.155 -0.646593070498
2.156 -0.646783280323
2.157 -0.64699435926
2.158 -0.647221291891
2.159 -0.647464145344
2.16 -0.647728105316
2.161 -0.647987638773
2.162 -0.648237593846
2.163 -0.648498487687
2.164 -0.648770367836
2.165 -0.649042972622
2.166 -0.649311142504
2.167 -0.649569687695
2.168 -0.649823743249
2.169 -0.650078474307
2.17 -0.650344268815
2.171 -0.650610774713
2.172 -0.650872786931
2.173 -0.651130285373
2.174 -0.65139891959
2.175 -0.651663045712
2.176 -0.651912166194
2.177 -0.65216719994
2.178 -0.652407156776
2.179 -0.652637232093
2.18 -0.652852113623
2.181 -0.653062288967
2.182 -0.653267737736
2.183 -0.653457856206
2.184 -0.653653775491
2.185 -0.653823680491
2.186 -0.653967462029
2.187 -0.65411161759
2.188 -0.654224178647
2.189 -0.654321023563
2.19 -0.654418116721
2.191 -0.654520808632
2.192 -0.654623765003
2.193 -0.654726986856
2.194 -0.654851959922
2.195 -0.654998773287
2.196 -0.655151359218
2.197 -0.655315135577
2.198 -0.655484748164
2.199 -0.655654812607
2.2 -0.655857831664
2.201 -0.656055974874
2.202 -0.656260086121
2.203 -0.656432107816
2.204 -0.656577350432
2.205 -0.65673389053
2.206 -0.656874458868
2.207 -0.656988046501
2.208 -0.657112890366
2.209 -0.65723257912
2.21 -0.657385547025
2.211 -0.657538925681
2.212 -0.657709245083
2.213 -0.657857956438
2.214 -0.657979442615
2.215 -0.658095720062
2.216 -0.65822892852
2.217 -0.658368042876
2.218 -0.658496419777
2.219 -0.658636269418
2.22 -0.658776496824
2.221 -0.658911523749
2.222 -0.659046915647
2.223 -0.65919946102
2.224 -0.659341214913
2.225 -0.659472130918
2.226 -0.659597782344
2.227 -0.659706891679
2.228 -0.659821930673
2.229 -0.659942924371
2.23 -0.660069898055
2.231 -0.660219855991
2.232 -0.660387230183
2.233 -0.660555068374
2.234 -0.660717687886
2.235 -0.660886451507
2.236 -0.661044282234
2.237 -0.661162584144
2.238 -0.661275492601
2.239 -0.661405887565
2.24 -0.661525174141
2.241 -0.661662015891
2.242 -0.661799237028
2.243 -0.661919561958
2.244 -0.662051754015
2.245 -0.662178537576
2.246 -0.66229988902
2.247 -0.662398407536
2.248 -0.662508798732
2.249 -0.66260787778
2.25 -0.662695596075
2.251 -0.662795207018
2.252 -0.662912595752
2.253 -0.663030312198
2.254 -0.663160059794
2.255 -0.663284312488
2.256 -0.663420650788
2.257 -0.663569128312
2.258 -0.663718027644
2.259 -0.663867350586
2.26 -0.664040713235
2.261 -0.664173186944
2.262 -0.664306036797
2.263 -0.664427404466
2.264 -0.664537238951
2.265 -0.664629542112
2.266 -0.664722104993
2.267 -0.664791070742
2.268 -0.664872175446
2.269 -0.664959490055
2.27 -0.665065022654
2.271 -0.665188853858
2.272 -0.665289006639
2.273 -0.665395461829
2.274 -0.665490169075
2.275 -0.665597216164
2.276 -0.665728746259
2.277 -0.665878817042
2.278 -0.66606570222
2.279 -0.666247067763
2.28 -0.666441133333
2.281 -0.6666296842
2.282 -0.666830997743
2.283 -0.667069579501
2.284 -0.667333369131
2.285 -0.667579571029
2.286 -0.667838805615
2.287 -0.668117289427
2.288 -0.668378145678
2.289 -0.668633630621
2.29 -0.668871352021
2.291 -0.669091221843
2.292 -0.669311760448
2.293 -0.669532970899
2.294 -0.669742410336
2.295 -0.669952487147
2.296 -0.670125745688
2.297 -0.670299526594
2.298 -0.670461306475
2.299 -0.670636119191
2.3 -0.670786330044
2.301 -0.670936992735
2.302 -0.671062899116
2.303 -0.671195494498
2.304 -0.671322165802
2.305 -0.671430221163
2.306 -0.671500549383
2.307 -0.671577436367
2.308 -0.671692716696
2.309 -0.671821085572
2.31 -0.671968986004
2.311 -0.67213651152
2.312 -0.672304551513
2.313 -0.67246669611
2.314 -0.672635761782
2.315 -0.67280534907
2.316 -0.672969016826
2.317 -0.673081559161
2.318 -0.673181516108
2.319 -0.673301198158
2.32 -0.67345366825
2.321 -0.673658572021
2.322 -0.673883640633
2.323 -0.674076837073
2.324 -0.674251057398
2.325 -0.674432362537
2.326 -0.674614237899
2.327 -0.674790125515
2.328 -0.674966566908
2.329 -0.675143564701
2.33 -0.675314528075
2.331 -0.675499240057
2.332 -0.67568453852
2.333 -0.675877053016
2.334 -0.676056906111
2.335 -0.676243980895
2.336 -0.676398352218
2.337 -0.676546541276
2.338 -0.676688517231
2.339 -0.67684432889
2.34 -0.676987227513
2.341 -0.67714401079
2.342 -0.677314748375
2.343 -0.677486034209
2.344 -0.677684870237
2.345 -0.67787082918
2.346 -0.678030298856
2.347 -0.678197066087
2.348 -0.67839155592
2.349 -0.678559449464
2.35 -0.678727887134
2.351 -0.678910533436
2.352 -0.67905956293
2.353 -0.679236491498
2.354 -0.679400266327
2.355 -0.679537064455
2.356 -0.679688084036
2.357 -0.679846496589
2.358 -0.679998514206
2.359 -0.680151028619
2.36 -0.680283232853
2.361 -0.680443660812
2.362 -0.680604616756
2.363 -0.680793993215
2.364 -0.680997970099
2.365 -0.681223622538
2.366 -0.681457047005
2.367 -0.681705308416
2.368 -0.681954416165
2.369 -0.682218472107
2.37 -0.682497558865
2.371 -0.682777609895
2.372 -0.683037365306
2.373 -0.683298015778
2.374 -0.683523993828
2.375 -0.683750745175
2.376 -0.683999694953
2.377 -0.684206583717
2.378 -0.684392680843
2.379 -0.68460094857
2.38 -0.684817122946
2.381 -0.685026836158
2.382 -0.685244489787
2.383 -0.685470127349
2.384 -0.685718283701
2.385 -0.685945530729
2.386 -0.68618084106
2.387 -0.686395115845
2.388 -0.686624734527
2.389 -0.686833217867
2.39 -0.687064406558
2.391 -0.687289066792
2.392 -0.687521869446
2.393 -0.687748124673
2.394 -0.687982558359
2.395 -0.688203030179
2.396 -0.688409461363
2.397 -0.688653734182
2.398 -0.688928626905
2.399 -0.689197056931
2.4 -0.689481385398
2.401 -0.689781705004
2.402 -0.690083118019
2.403 -0.690348077817
2.404 -0.690568847063
2.405 -0.690850719317
2.406 -0.691126064763
2.407 -0.691372138239
2.408 -0.691596352753
2.409 -0.691821375286
2.41 -0.692047210221
2.411 -0.692258608302
2.412 -0.692478410506
2.413 -0.692699008906
2.414 -0.692943420595
2.415 -0.693188726512
2.416 -0.693427230595
2.417 -0.693635745179
2.418 -0.693868210872
2.419 -0.69406280113
2.42 -0.694258099303
2.421 -0.694438558737
2.422 -0.694596304405
2.423 -0.694770230191
2.424 -0.694944789253
2.425 -0.695104316111
2.426 -0.695248724967
2.427 -0.695401521971
2.428 -0.695570633853
2.429 -0.695724577479
2.43 -0.695926540104
2.431 -0.696137177411
2.432 -0.696324777988
2.433 -0.696489206935
2.434 -0.696678156687
2.435 -0.696859823135
2.436 -0.697058170827
2.437 -0.697241224875
2.438 -0.697449064995
2.439 -0.697657688197
2.44 -0.697883231334
2.441 -0.698133878949
2.442 -0.698369288247
2.443 -0.698581250831
2.444 -0.698794019682
2.445 -0.69902389548
2.446 -0.6992546528
2.447 -0.699461753138
2.448 -0.699661448054
2.449 -0.699861906606
2.45 -0.700079594497
2.451 -0.700240390869
2.452 -0.700393535685
2.453 -0.700555542698
2.454 -0.700767946938
2.455 -0.700989488213
2.456 -0.701220222644
2.457 -0.701435162884
2.458 -0.70168440231
2.459 -0.701943006885
2.46 -0.702177433031
2.461 -0.702395946829
2.462 -0.702598448945
2.463 -0.702793292553
2.464 -0.703014310073
2.465 -0.703253177186
2.466 -0.703492994651
2.467 -0.703716720623
2.468 -0.70394987808
2.469 -0.704158287866
2.47 -0.704384681325
2.471 -0.704637768141
2.472 -0.70484880528
2.473 -0.705069318789
2.474 -0.705333971605
2.475 -0.705608370847
2.476 -0.705901268568
2.477 -0.706212786516
2.478 -0.706473230036
2.479 -0.706708502011
2.48 -0.706944732827
2.481 -0.707173144837
2.482 -0.707420094549
2.483 -0.70767688089
2.484 -0.707934726942
2.485 -0.70822908237
2.486 -0.708515787382
2.487 -0.708803690682
2.488 -0.709074959075
2.489 -0.709347361147
2.49 -0.70960298401
2.491 -0.709859675059
2.492 -0.710135440708
2.493 -0.710430409013
2.494 -0.710708547064
2.495 -0.710996923366
2.496 -0.711304688922
2.497 -0.711622873784
2.498 -0.711905931321
2.499 -0.712199341437
2.5 -0.712420690325
2.501 -0.712624604218
2.502 -0.712801762468
2.503 -0.712961214103
2.504 -0.713121332976
2.505 -0.713291388252
2.506 -0.713452874453
2.507 -0.713624346256
2.508 -0.713777891253
2.509 -0.713960123489
2.51 -0.714189969183
2.511 -0.714392639421
2.512 -0.714539722077
2.513 -0.714706289575
2.514 -0.714845215938
2.515 -0.71503209291
2.516 -0.715191295769
2.517 -0.715351181998
2.518 -0.715540362991
2.519 -0.715759037589
2.52 -0.715978669564
2.521 -0.716218468849
2.522 -0.716478575985
2.523 -0.716759133937
2.524 -0.716982927678
2.525 -0.717207712141
2.526 -0.717433493924
2.527 -0.717679754829
2.528 -0.717946639579
2.529 -0.718195158765
2.53 -0.718444795405
2.531 -0.718725049062
2.532 -0.719006576898
2.533 -0.719220241245
2.534 -0.719385362874
2.535 -0.719590914979
2.536 -0.719797393712
2.537 -0.720054660031
2.538 -0.720363082045
2.539 -0.720652894108
2.54 -0.720974183512
2.541 -0.721256693004
2.542 -0.721550608672
2.543 -0.72186613484
2.544 -0.722142560989
2.545 -0.722410106373
2.546 -0.722678899854
2.547 -0.722948950195
2.548 -0.723210020603
2.549 -0.723462043924
2.55 -0.723735841476
2.551 -0.724052220863
2.552 -0.724328715726
2.553 -0.724554651207
2.554 -0.724802448088
2.555 -0.725030567073
2.556 -0.725270214944
2.557 -0.725458614776
2.558 -0.725647900914
2.559 -0.725827551486
2.56 -0.726018603222
2.561 -0.72617882065
2.562 -0.726350399369
2.563 -0.726533422881
2.564 -0.726738634043
2.565 -0.726923459375
2.566 -0.727098457714
2.567 -0.727242080822
2.568 -0.727407915688
2.569 -0.727639291877
2.57 -0.727882614599
2.571 -0.728072896106
2.572 -0.728220607785
2.573 -0.728325432099
2.574 -0.728452611369
2.575 -0.728591357697
2.576 -0.728741757446
2.577 -0.728914907113
2.578 -0.729055795447
2.579 -0.729208435825
2.58 -0.729317456279
2.581 -0.7294158884
2.582 -0.72953709443
2.583 -0.729714773288
2.584 -0.729870926911
2.585 -0.730027855836
2.586 -0.730174303896
2.587 -0.730332771863
2.588 -0.730492032529
2.589 -0.730697490171
2.59 -0.730892610401
2.591 -0.731100130525
2.592 -0.731365910827
2.593 -0.731644537055
2.594 -0.731901604193
2.595 -0.732113867628
2.596 -0.732304095268
2.597 -0.732495301092
2.598 -0.732687492668
2.599 -0.732869020116
2.6 -0.73308655274
2.601 -0.733328662701
2.602 -0.733572045319
2.603 -0.733828496512
2.604 -0.734027214407
2.605 -0.734226975724
2.606 -0.73443967133
2.607 -0.734701154942
2.608 -0.734964038174
2.609 -0.735240315454
2.61 -0.735530100136
2.611 -0.735821455539
2.612 -0.736162740446
2.613 -0.73644529334
2.614 -0.736765855999
2.615 -0.737112567495
2.616 -0.73740006201
2.617 -0.737701400158
2.618 -0.737967507815
2.619 -0.738173412986
2.62 -0.738343338537
2.621 -0.738526589795
2.622 -0.738723279357
2.623 -0.738871158364
2.624 -0.739007336808
2.625 -0.739181885056
2.626 -0.739395130082
2.627 -0.73959694643
2.628 -0.739850491976
2.629 -0.740118154639
2.63 -0.740361879082
2.631 -0.740632509292
2.632 -0.74091748273
2.633 -0.741229769346
2.634 -0.741543856148
2.635 -0.741846839118
2.636 -0.74207382443
2.637 -0.742276116281
2.638 -0.742440460979
2.639 -0.742658031213
2.64 -0.742863742647
2.641 -0.743083790661
2.642 -0.743265542096
2.643 -0.743435112868
2.644 -0.743605662618
2.645 -0.743777199851
2.646 -0.743949733169
2.647 -0.744136659324
2.648 -0.744338108472
2.649 -0.744540743155
2.65 -0.744744573872
2.651 -0.744990268541
2.652 -0.745237432104
2.653 -0.745513352862
2.654 -0.745790940755
2.655 -0.746111384391
2.656 -0.746392483185
2.657 -0.746647671694
2.658 -0.746973695236
2.659 -0.747329536647
2.66 -0.747729437686
2.661 -0.748145847795
2.662 -0.748592975158
2.663 -0.749028859278
2.664 -0.749495799765
2.665 -0.749923177197
2.666 -0.750424471469
2.667 -0.75091473476
2.668 -0.751379513032
2.669 -0.751789767712
2.67 -0.752173802819
2.671 -0.752502382741
2.672 -0.752833069097
2.673 -0.753195043546
2.674 -0.753544733499
2.675 -0.753852651344
2.676 -0.754133100802
2.677 -0.754444919086
2.678 -0.754743936655
2.679 -0.755059781926
2.68 -0.755332902638
2.681 -0.755562862187
2.682 -0.755809348259
2.683 -0.756042363515
2.684 -0.756276903723
2.685 -0.756528168899
2.686 -0.756781093162
2.687 -0.75702040354
2.688 -0.75729198515
2.689 -0.757596174124
2.69 -0.757902412752
2.691 -0.758210721834
2.692 -0.758490002766
2.693 -0.758739947462
2.694 -0.758975914861
2.695 -0.759182034231
2.696 -0.759342215693
2.697 -0.759455983367
2.698 -0.759586400048
2.699 -0.759685818482
2.7 -0.759817895716
2.701 -0.760015072421
2.702 -0.76022971517
2.703 -0.760478176613
2.704 -0.760679701112
2.705 -0.760833783874
2.706 -0.760939920049
2.707 -0.761030394431
2.708 -0.76110504228
2.709 -0.761229737744
2.71 -0.761355305932
2.711 -0.761465127481
2.712 -0.761542346177
2.713 -0.761653600683
2.714 -0.76176564299
2.715 -0.76192908665
2.716 -0.762110635214
2.717 -0.762242515511
2.718 -0.762358290308
2.719 -0.762457782471
2.72 -0.762643895305
2.721 -0.76290035827
2.722 -0.763124100139
2.723 -0.763349502276
2.724 -0.763541692616
2.725 -0.763752824741
2.726 -0.763965537447
2.727 -0.764126908155
2.728 -0.764289487398
2.729 -0.76447107085
2.73 -0.764636176819
2.731 -0.764748775222
2.732 -0.764898199362
2.733 -0.765102936771
2.734 -0.765272990062
2.735 -0.765498955726
2.736 -0.765708403757
2.737 -0.76582774903
2.738 -0.765966434352
2.739 -0.766124689093
2.74 -0.766339879229
2.741 -0.766519488699
2.742 -0.766681801502
2.743 -0.766807816518
2.744 -0.76684050021
2.745 -0.766873440324
2.746 -0.766963683329
2.747 -0.767054645149
2.748 -0.767184672822
2.749 -0.767238759868
2.75 -0.767312605453
2.751 -0.767387047322
2.752 -0.767520543204
2.753 -0.767694264991
2.754 -0.767830127393
2.755 -0.767986843731
2.756 -0.768045796479
2.757 -0.768105235964
2.758 -0.768185146465
2.759 -0.768345977449
2.76 -0.7684880188
2.761 -0.768671739439
2.762 -0.768836705438
2.763 -0.769023500305
2.764 -0.769170897185
2.765 -0.769340159762
2.766 -0.769490206161
2.767 -0.769600004554
2.768 -0.769710757634
2.769 -0.76982247791
2.77 -0.769914125253
2.771 -0.770027724382
2.772 -0.77014232872
2.773 -0.770300626528
2.774 -0.770460344424
2.775 -0.770578435285
2.776 -0.770719221186
2.777 -0.770904747336
2.778 -0.771070138943
2.779 -0.771215113419
2.78 -0.771383458541
2.781 -0.771641932843
2.782 -0.771947337187
2.783 -0.772277998604
2.784 -0.772611818482
2.785 -0.772948842311
2.786 -0.773311812525
2.787 -0.773701119632
2.788 -0.774094235967
2.789 -0.774468173348
2.79 -0.774868959392
2.791 -0.775273725443
2.792 -0.775705934699
2.793 -0.776095437223
2.794 -0.776417914084
2.795 -0.776696089779
2.796 -0.776905387892
2.797 -0.777212832355
2.798 -0.777475124087
2.799 -0.777715818713
2.8 -0.777910187828
2.801 -0.77810653899
2.802 -0.778354191681
2.803 -0.778604408195
2.804 -0.778807414117
2.805 -0.779037572505
2.806 -0.779320493959
2.807 -0.77955579078
2.808 -0.779768134593
2.809 -0.780008321717
2.81 -0.780199631588
2.811 -0.780418857958
2.812 -0.78064045302
2.813 -0.7808906084
2.814 -0.781196103966
2.815 -0.781531430475
2.816 -0.781923704919
2.817 -0.782347160181
2.818 -0.782640841644
2.819 -0.782937838077
2.82 -0.783238205941
2.821 -0.783542002982
2.822 -0.783904389251
2.823 -0.784187835767
2.824 -0.784474566801
2.825 -0.784736595197
2.826 -0.785029900388
2.827 -0.785326664446
2.828 -0.785598393412
2.829 -0.785844628552
2.83 -0.786036000211
2.831 -0.786200583628
2.832 -0.786396396233
2.833 -0.786506280057
2.834 -0.786676716311
2.835 -0.786938629061
2.836 -0.787143812768
2.837 -0.787261020649
2.838 -0.787379680658
2.839 -0.787530372491
2.84 -0.787652212411
2.841 -0.787744648425
2.842 -0.787807117282
2.843 -0.787807708512
2.844 -0.787808307274
2.845 -0.787745441799
2.846 -0.787681769185
2.847 -0.787585131332
2.848 -0.787519589134
2.849 -0.787485750012
2.85 -0.787484240534
2.851 -0.787416721754
2.852 -0.787348301333
2.853 -0.787212093819
2.854 -0.787141364942
2.855 -0.787035787186
2.856 -0.786928764562
2.857 -0.786854615532
2.858 -0.786814022182
2.859 -0.786772858777
2.86 -0.786696038428
2.861 -0.786653449257
2.862 -0.786645825572
2.863 -0.786602257513
2.864 -0.786594149281
2.865 -0.786585921876
2.866 -0.786504317947
2.867 -0.786606001298
2.868 -0.786820783713
2.869 -0.786926438572
2.87 -0.786995954267
2.871 -0.787028489008
2.872 -0.786984830366
2.873 -0.78694049151
2.874 -0.786973356237
2.875 -0.787006743732
2.876 -0.786882369841
2.877 -0.786636357529
2.878 -0.786386407007
2.879 -0.786172937474
2.88 -0.786078517715
2.881 -0.786064902362
2.882 -0.786134125198
2.883 -0.786288309887
2.884 -0.786614202019
2.885 -0.786945821986
2.886 -0.787283322151
2.887 -0.787496603945
2.888 -0.787713707353
2.889 -0.787846318691
2.89 -0.787847513468
2.891 -0.788028788489
2.892 -0.788167984379
2.893 -0.78835564419
2.894 -0.788546847878
2.895 -0.78888195908
2.896 -0.789176351224
2.897 -0.789524179999
2.898 -0.789782557474
2.899 -0.790094718706
2.9 -0.790265730724
2.901 -0.790489834458
2.902 -0.790768674046
2.903 -0.791002601455
2.904 -0.79129262625
2.905 -0.791588780015
2.906 -0.79189125912
2.907 -0.792200268414
2.908 -0.792516021688
2.909 -0.792676496695
2.91 -0.792840525236
2.911 -0.792952930698
2.912 -0.793067875191
2.913 -0.79312888304
2.914 -0.793248513642
2.915 -0.793255166927
2.916 -0.793379113973
2.917 -0.793565306637
2.918 -0.793876041012
2.919 -0.794194454423
2.92 -0.7945208351
2.921 -0.794855485884
2.922 -0.795135591852
2.923 -0.795359004531
2.924 -0.79545867959
2.925 -0.795429694107
2.926 -0.795399936553
2.927 -0.795301965233
2.928 -0.795132997418
2.929 -0.794890111323
2.93 -0.794500034863
2.931 -0.794170148952
2.932 -0.793903003829
2.933 -0.793628076022
2.934 -0.793196420946
2.935 -0.792902664286
2.936 -0.79252342766
2.937 -0.792210187523
2.938 -0.792044934346
2.939 -0.791954561878
2.94 -0.792024234136
2.941 -0.792344876728
2.942 -0.792676496695
2.943 -0.793019667597
2.944 -0.79354970667
2.945 -0.794365911581
2.946 -0.795303190837
2.947 -0.796183653035
2.948 -0.79690960588
2.949 -0.797471749002
2.95 -0.79815435447
2.951 -0.79876464365
2.952 -0.798991449439
2.953 -0.799540798219
2.954 -0.800113845044
2.955 -0.800712157265
2.956 -0.801114428406
2.957 -0.801877447616
2.958 -0.802793450245
2.959 -0.803753972843
2.96 -0.804639529991
2.961 -0.805570209777
2.962 -0.806161578716
2.963 -0.806784450379
2.964 -0.807032106174
2.965 -0.807574092092
2.966 -0.808436135188
2.967 -0.809052166901
2.968 -0.809705948827
2.969 -0.81040106078
2.97 -0.811141549996
2.971 -0.811424953456
2.972 -0.811553150366
2.973 -0.811509445028
2.974 -0.811462504384
2.975 -0.811606944175
2.976 -0.811560143398
2.977 -0.811932010004
2.978 -0.812336369742
2.979 -0.812316314993
2.98 -0.812294350729
2.981 -0.812270190595
2.982 -0.811976500916
2.983 -0.811368629707
2.984 -0.811285806427
2.985 -0.811509445028
2.986 -0.812101086004
2.987 -0.813140323345
2.988 -0.813558926056
2.989 -0.813624057785
2.99 -0.814625251599
2.991 -0.816337303471
2.992 -0.818433799692
2.993 -0.822341025918
2.994 -0.825916551158
2.995 -0.82984293657
2.996 -0.832255482975
2.997 -0.83458739231
2.998 -0.838486032726
2.999 -0.841093596133
3.0 -0.843707976707