0.0 2.22044604925e-16
0.001 -0.00382120556521
0.002 -0.00765130858978
0.003 -0.0114918692312
0.004 -0.0153376064132
0.005 -0.0191846823389
0.006 -0.02303150289
0.007 -0.0268687211608
0.008 -0.0307007996046
0.009 -0.0345237067478
0.01 -0.0383294334067
0.011 -0.0421286924358
0.012 -0.0459236997805
0.013 -0.0497040361547
0.014 -0.0534718364592
0.015 -0.0572220858886
0.016 -0.0609585098549
0.017 -0.0646696007626
0.018 -0.0683525589412
0.019 -0.0720012984309
0.02 -0.0756259373151
0.021 -0.079222036503
0.022 -0.0827842705034
0.023 -0.0863237235751
0.024 -0.0898442097348
0.025 -0.093343790396
0.026 -0.0968121614116
0.027 -0.100252258542
0.028 -0.103656145084
0.029 -0.107014084833
0.03 -0.110339058226
0.031 -0.113640846512
0.032 -0.11691488527
0.033 -0.120169382129
0.034 -0.12339978666
0.035 -0.126606656854
0.036 -0.129796615591
0.037 -0.132957290893
0.038 -0.136101394069
0.039 -0.139232205171
0.04 -0.14233726833
0.041 -0.14542683464
0.042 -0.14848569589
0.043 -0.151521471828
0.044 -0.154533890106
0.045 -0.157520002711
0.046 -0.160476825979
0.047 -0.163417498785
0.048 -0.166323815464
0.049 -0.169194503185
0.05 -0.172044592968
0.051 -0.174872946026
0.052 -0.17767749975
0.053 -0.180449763993
0.054 -0.183190324445
0.055 -0.185914508072
0.056 -0.188624905915
0.057 -0.191311175685
0.058 -0.193970283606
0.059 -0.196603821553
0.06 -0.19922087982
0.061 -0.201821286548
0.062 -0.20440674958
0.063 -0.206987483022
0.064 -0.209553966293
0.065 -0.212107947287
0.066 -0.214642636851
0.067 -0.217166428
0.068 -0.219673465569
0.069 -0.222172215573
0.07 -0.224655852168
0.071 -0.22712422501
0.072 -0.229581052497
0.073 -0.232030095978
0.074 -0.234472241744
0.075 -0.23690838654
0.076 -0.239341393712
0.077 -0.241761408726
0.078 -0.244173220579
0.079 -0.246574768786
0.08 -0.248969904175
0.081 -0.251360537325
0.082 -0.253744622967
0.083 -0.25612408186
0.084 -0.258496857262
0.085 -0.260855858314
0.086 -0.263211005215
0.087 -0.265563255637
0.088 -0.267912567275
0.089 -0.270258897572
0.09 -0.272601187704
0.091 -0.274939386409
0.092 -0.277274463611
0.093 -0.279606375693
0.094 -0.281935078785
0.095 -0.284258469381
0.096 -0.286579583912
0.097 -0.288890104494
0.098 -0.291198231895
0.099 -0.293506010491
0.1 -0.295810289287
0.101 -0.298116253629
0.102 -0.300420752162
0.103 -0.302719548306
0.104 -0.30501785171
0.105 -0.307318812807
0.106 -0.309618194449
0.107 -0.311917029301
0.108 -0.314205703452
0.109 -0.316498010143
0.11 -0.318784318126
0.111 -0.321068859236
0.112 -0.323346216888
0.113 -0.325621716346
0.114 -0.327894243017
0.115 -0.330162670757
0.116 -0.332428038562
0.117 -0.334688122918
0.118 -0.336946147575
0.119 -0.339199885685
0.12 -0.341445987621
0.121 -0.343685479695
0.122 -0.345919399343
0.123 -0.348147686837
0.124 -0.350368059888
0.125 -0.352584897136
0.126 -0.354799272052
0.127 -0.357012269324
0.128 -0.359222739724
0.129 -0.36143289875
0.13 -0.363641599697
0.131 -0.365848815404
0.132 -0.368054518534
0.133 -0.370254133475
0.134 -0.372455577192
0.135 -0.374656562255
0.136 -0.376855923598
0.137 -0.379058227702
0.138 -0.381256571677
0.139 -0.383456682123
0.14 -0.385656241824
0.141 -0.387854070332
0.142 -0.390048975215
0.143 -0.392239752018
0.144 -0.394431030863
0.145 -0.396620455356
0.146 -0.398805645161
0.147 -0.400990087222
0.148 -0.403173760335
0.149 -0.405359011649
0.15 -0.40753633965
0.151 -0.409703288158
0.152 -0.411864536245
0.153 -0.414018829484
0.154 -0.416169698141
0.155 -0.418315899306
0.156 -0.420462204002
0.157 -0.422609806456
0.158 -0.424752645259
0.159 -0.426893098463
0.16 -0.429029916154
0.161 -0.43116183611
0.162 -0.433296147412
0.163 -0.435427947669
0.164 -0.437553515147
0.165 -0.439676486438
0.166 -0.441794356675
0.167 -0.443905835001
0.168 -0.446014584786
0.169 -0.448124305837
0.17 -0.450230000029
0.171 -0.452335376038
0.172 -0.454440417427
0.173 -0.456543850615
0.174 -0.458650690128
0.175 -0.46075589418
0.176 -0.462859436574
0.177 -0.464957482627
0.178 -0.467052522901
0.179 -0.469144521318
0.18 -0.471232162824
0.181 -0.473315401599
0.182 -0.475395476655
0.183 -0.477472351146
0.184 -0.479543405447
0.185 -0.481615055683
0.186 -0.4836821024
0.187 -0.485748400733
0.188 -0.487813931803
0.189 -0.489881290669
0.19 -0.491946546612
0.191 -0.494012297645
0.192 -0.496073267726
0.193 -0.498136007419
0.194 -0.500192578622
0.195 -0.502246901624
0.196 -0.504296288238
0.197 -0.506339357046
0.198 -0.508374713659
0.199 -0.510408984108
0.2 -0.512440805575
0.201 -0.514467456974
0.202 -0.516492933972
0.203 -0.518514511932
0.204 -0.520537570024
0.205 -0.522563464322
0.206 -0.524584033885
0.207 -0.526600592561
0.208 -0.528615834853
0.209 -0.530629738767
0.21 -0.532639533381
0.211 -0.534646554544
0.212 -0.536654912778
0.213 -0.538660452574
0.214 -0.540664528888
0.215 -0.542665728157
0.216 -0.544666805609
0.217 -0.546663556072
0.218 -0.548658737758
0.219 -0.550653731175
0.22 -0.552651337146
0.221 -0.554648740811
0.222 -0.556640272964
0.223 -0.558627297
0.224 -0.560614030439
0.225 -0.562599035232
0.226 -0.564578005503
0.227 -0.566556608802
0.228 -0.568534830526
0.229 -0.570511218742
0.23 -0.572487189149
0.231 -0.574462726827
0.232 -0.57643347475
0.233 -0.57840373951
0.234 -0.580372051726
0.235 -0.582339843319
0.236 -0.584305637898
0.237 -0.58626940964
0.238 -0.588229664899
0.239 -0.590190780633
0.24 -0.592151276581
0.241 -0.59410965871
0.242 -0.596064419159
0.243 -0.598017005805
0.244 -0.599967391869
0.245 -0.601921517202
0.246 -0.603877901065
0.247 -0.605829054374
0.248 -0.607780937454
0.249 -0.609732038183
0.25 -0.611685357631
0.251 -0.613633336771
0.252 -0.615575926871
0.253 -0.617511559479
0.254 -0.619443221126
0.255 -0.621375452661
0.256 -0.623305186595
0.257 -0.625235461504
0.258 -0.627163195656
0.259 -0.629091441465
0.26 -0.63101555876
0.261 -0.632937055552
0.262 -0.63486055628
0.263 -0.636781399222
0.264 -0.638696438277
0.265 -0.640614993776
0.266 -0.642532382393
0.267 -0.644442308896
0.268 -0.646351001507
0.269 -0.648255288452
0.27 -0.650161447685
0.271 -0.652069481058
0.272 -0.653979390418
0.273 -0.655887996459
0.274 -0.657798467648
0.275 -0.659706012254
0.276 -0.66161220072
0.277 -0.663513802596
0.278 -0.665410775666
0.279 -0.667304689935
0.28 -0.669198745856
0.281 -0.671088074549
0.282 -0.672977503197
0.283 -0.674865394751
0.284 -0.676756620127
0.285 -0.67864792249
0.286 -0.680542567765
0.287 -0.682437284332
0.288 -0.684318897871
0.289 -0.686200502503
0.29 -0.688080434644
0.291 -0.689960329012
0.292 -0.691840174761
0.293 -0.693723289172
0.294 -0.695609683765
0.295 -0.697491011985
0.296 -0.699373930426
0.297 -0.701251722566
0.298 -0.703132757838
0.299 -0.705011987385
0.3 -0.70688938839
0.301 -0.708759854939
0.302 -0.710633518507
0.303 -0.71250188047
0.304 -0.714370011893
0.305 -0.716232772086
0.306 -0.718088401203
0.307 -0.719948861528
0.308 -0.721810733101
0.309 -0.723668840401
0.31 -0.725530062792
0.311 -0.727390945659
0.312 -0.729254949334
0.313 -0.731122084432
0.314 -0.732983640271
0.315 -0.734846561624
0.316 -0.736712599387
0.317 -0.738571228095
0.318 -0.740429427327
0.319 -0.742287183887
0.32 -0.744142716712
0.321 -0.745994228888
0.322 -0.747847010269
0.323 -0.749699279493
0.324 -0.751549239309
0.325 -0.753398651616
0.326 -0.755247502558
0.327 -0.757093982675
0.328 -0.758938065967
0.329 -0.760783333308
0.33 -0.762627974959
0.331 -0.764468353573
0.332 -0.766306246184
0.333 -0.768141626199
0.334 -0.769976290467
0.335 -0.771808396635
0.336 -0.773641581021
0.337 -0.775466662404
0.338 -0.777289096379
0.339 -0.779105168101
0.34 -0.780922217023
0.341 -0.782734684292
0.342 -0.784546241835
0.343 -0.786356873982
0.344 -0.788164700944
0.345 -0.789973430859
0.346 -0.791779315637
0.347 -0.79358607954
0.348 -0.795388077588
0.349 -0.79719280687
0.35 -0.798994609935
0.351 -0.800795350746
0.352 -0.8025950128
0.353 -0.804393579502
0.354 -0.80619293927
0.355 -0.807989269257
0.356 -0.809786366971
0.357 -0.811584227942
0.358 -0.813384769421
0.359 -0.81518607348
0.36 -0.816986205402
0.361 -0.818789016696
0.362 -0.820590638171
0.363 -0.822392995278
0.364 -0.824192189126
0.365 -0.825988189437
0.366 -0.827784876918
0.367 -0.829580286745
0.368 -0.831376365149
0.369 -0.833173107008
0.37 -0.834970507157
0.371 -0.836768560391
0.372 -0.838567261459
0.373 -0.840362633892
0.374 -0.842160616121
0.375 -0.843957227212
0.376 -0.845752448662
0.377 -0.847552270733
0.378 -0.849350692049
0.379 -0.851149705584
0.38 -0.852953337887
0.381 -0.854759589181
0.382 -0.856568467054
0.383 -0.858373890927
0.384 -0.86018192992
0.385 -0.861990553276
0.386 -0.863799755151
0.387 -0.865599293409
0.388 -0.867399353515
0.389 -0.869199929314
0.39 -0.870996893229
0.391 -0.872796407554
0.392 -0.874600549171
0.393 -0.876403116168
0.394 -0.878210324898
0.395 -0.880020112923
0.396 -0.881828311688
0.397 -0.883636993503
0.398 -0.885448248941
0.399 -0.887264186975
0.4 -0.889080616076
0.401 -0.890897529667
0.402 -0.892717036771
0.403 -0.894534904069
0.404 -0.896348985846
0.405 -0.898165636235
0.406 -0.899978459324
0.407 -0.901793837164
0.408 -0.903605345535
0.409 -0.905410800608
0.41 -0.907220918665
0.411 -0.909022773248
0.412 -0.910827113434
0.413 -0.912629611169
0.414 -0.914430244661
0.415 -0.91622899201
0.416 -0.91802801284
0.417 -0.919822926526
0.418 -0.921618078892
0.419 -0.923415657919
0.42 -0.925209067648
0.421 -0.927004887885
0.422 -0.928798704101
0.423 -0.930590493594
0.424 -0.932380233546
0.425 -0.934170125919
0.426 -0.935957932478
0.427 -0.937748099278
0.428 -0.93953839282
0.429 -0.941328804429
0.43 -0.943119325372
0.431 -0.944905438541
0.432 -0.946682587539
0.433 -0.948457496366
0.434 -0.950232409966
0.435 -0.95201186659
0.436 -0.953793607818
0.437 -0.955575355517
0.438 -0.957354811705
0.439 -0.959134245637
0.44 -0.960915946375
0.441 -0.962702222923
0.442 -0.964490787171
0.443 -0.966281644625
0.444 -0.968072482092
0.445 -0.969863289905
0.446 -0.971656387187
0.447 -0.973444777575
0.448 -0.975233098736
0.449 -0.977018996573
0.45 -0.978802445726
0.451 -0.980585775072
0.452 -0.982368974382
0.453 -0.984156762613
0.454 -0.985942050987
0.455 -0.987731938508
0.456 -0.989526445851
0.457 -0.991318437686
0.458 -0.993110278485
0.459 -0.994901957682
0.46 -0.996691063589
0.461 -0.998479976061
0.462 -1.00026144965
0.463 -1.00204267656
0.464 -1.0038212237
0.465 -1.00559949146
0.466 -1.00737503603
0.467 -1.00915514389
0.468 -1.01093494908
0.469 -1.01271933725
0.47 -1.01450342122
0.471 -1.01628964875
0.472 -1.0180730952
0.473 -1.01985373288
0.474 -1.02163153393
0.475 -1.02341143184
0.476 -1.02517851425
0.477 -1.02694514575
0.478 -1.0287163079
0.479 -1.03048951865
0.48 -1.03226478201
0.481 -1.03403456247
0.482 -1.03580637085
0.483 -1.03757768694
0.484 -1.03934849822
0.485 -1.04112132714
0.486 -1.04288855579
0.487 -1.04465777662
0.488 -1.04642899333
0.489 -1.04819965246
0.49 -1.04996461565
0.491 -1.05172640481
0.492 -1.0534824163
0.493 -1.05523776216
0.494 -1.05699242897
0.495 -1.05874640319
0.496 -1.06050226727
0.497 -1.06226262599
0.498 -1.06401707025
0.499 -1.06577600414
0.5 -1.06753421053
0.501 -1.06929429974
0.502 -1.07105364492
0.503 -1.07281223205
0.504 -1.07457268828
0.505 -1.07633501655
0.506 -1.07809921982
0.507 -1.07986530105
0.508 -1.08163326318
0.509 -1.08340310919
0.51 -1.08517484204
0.511 -1.08694846469
0.512 -1.08872129261
0.513 -1.09049600458
0.514 -1.09227530274
0.515 -1.09405650259
0.516 -1.09583147395
0.517 -1.09760560047
0.518 -1.09938159006
0.519 -1.10115398788
0.52 -1.10293096525
0.521 -1.10470432059
0.522 -1.10647127408
0.523 -1.10824003247
0.524 -1.11000508097
0.525 -1.11177191526
0.526 -1.11353776706
0.527 -1.11530539729
0.528 -1.11707480822
0.529 -1.11884879088
0.53 -1.12062177615
0.531 -1.12239654898
0.532 -1.12417311167
0.533 -1.12594302696
0.534 -1.12771188052
0.535 -1.12947683061
0.536 -1.13123784243
0.537 -1.13299488101
0.538 -1.1347507551
0.539 -1.13650544791
0.54 -1.13826179871
0.541 -1.14001694677
0.542 -1.14177661209
0.543 -1.14353794011
0.544 -1.14530381341
0.545 -1.14706847783
0.546 -1.14883770321
0.547 -1.15060571033
0.548 -1.15237829417
0.549 -1.15414673775
0.55 -1.15591392341
0.551 -1.15768275876
0.552 -1.15945031362
0.553 -1.1612195082
0.554 -1.16299034384
0.555 -1.16476282188
0.556 -1.16653102914
0.557 -1.16830085562
0.558 -1.17007230251
0.559 -1.17183941771
0.56 -1.17360514659
0.561 -1.17536648107
0.562 -1.17712338314
0.563 -1.17887881723
0.564 -1.18063276455
0.565 -1.18238822179
0.566 -1.18414518958
0.567 -1.1859006398
0.568 -1.18765758859
0.569 -1.18941907837
0.57 -1.19118512949
0.571 -1.19294659698
0.572 -1.19470956511
0.573 -1.19647710283
0.574 -1.19824615553
0.575 -1.20001055992
0.576 -1.20177645337
0.577 -1.20354693159
0.578 -1.20531891313
0.579 -1.20708928948
0.58 -1.20886115632
0.581 -1.21062826896
0.582 -1.21239684539
0.583 -1.2141668858
0.584 -1.21593839034
0.585 -1.21770505936
0.586 -1.21946685171
0.587 -1.22122688972
0.588 -1.22298832307
0.589 -1.22475432898
0.59 -1.22651855929
0.591 -1.22828737559
0.592 -1.23005760025
0.593 -1.23182923305
0.594 -1.23360548611
0.595 -1.23537994154
0.596 -1.23714935153
0.597 -1.23892014036
0.598 -1.24068906706
0.599 -1.24245610991
0.6 -1.24422775656
0.601 -1.24600402782
0.602 -1.24778167556
0.603 -1.24956069928
0.604 -1.25134109846
0.605 -1.25310970988
0.606 -1.25488293568
0.607 -1.25666079674
0.608 -1.25843668933
0.609 -1.26021059086
0.61 -1.26197915172
0.611 -1.2637423273
0.612 -1.26550341424
0.613 -1.26726238945
0.614 -1.26902594181
0.615 -1.27079409196
0.616 -1.27256686066
0.617 -1.27434089067
0.618 -1.27611279514
0.619 -1.27788594352
0.62 -1.27964673266
0.621 -1.28140529552
0.622 -1.28315477763
0.623 -1.28490880105
0.624 -1.28665709582
0.625 -1.28840649042
0.626 -1.29015698277
0.627 -1.29190511827
0.628 -1.29365779233
0.629 -1.29541155778
0.63 -1.29716988757
0.631 -1.29893280229
0.632 -1.30069683227
0.633 -1.30246547339
0.634 -1.30422472385
0.635 -1.30597802587
0.636 -1.3077288521
0.637 -1.30947364847
0.638 -1.31121943888
0.639 -1.31296622059
0.64 -1.31471043925
0.641 -1.31645206893
0.642 -1.31819821762
0.643 -1.31994533082
0.644 -1.32169340559
0.645 -1.32344602931
0.646 -1.32519602607
0.647 -1.32695058143
0.648 -1.32869887425
0.649 -1.33044085429
0.65 -1.33218373031
0.651 -1.33393113645
0.652 -1.33568309306
0.653 -1.33743596727
0.654 -1.33918609445
0.655 -1.34094078588
0.656 -1.34268903021
0.657 -1.34444183185
0.658 -1.34619921135
0.659 -1.34795748792
0.66 -1.34971665804
0.661 -1.35146928283
0.662 -1.35321903572
0.663 -1.35497335635
0.664 -1.35672478123
0.665 -1.35847328203
0.666 -1.36022258865
0.667 -1.36197269706
0.668 -1.36371982841
0.669 -1.36546017096
0.67 -1.3672050447
0.671 -1.36895447002
0.672 -1.37070465969
0.673 -1.37245560937
0.674 -1.37419584159
0.675 -1.37593677507
0.676 -1.3776630413
0.677 -1.3793899329
0.678 -1.38110972983
0.679 -1.38283397469
0.68 -1.38455493898
0.681 -1.38626871
0.682 -1.38797912326
0.683 -1.38969394661
0.684 -1.39140929211
0.685 -1.39312515424
0.686 -1.39484545182
0.687 -1.39655840614
0.688 -1.3982718434
0.689 -1.39998575787
0.69 -1.40170014375
0.691 -1.40340706178
0.692 -1.40511440545
0.693 -1.40682216871
0.694 -1.40853034545
0.695 -1.41024293037
0.696 -1.41195593364
0.697 -1.41366934907
0.698 -1.41538317046
0.699 -1.41710142691
0.7 -1.41882413818
0.701 -1.4205513242
0.702 -1.42227082023
0.703 -1.42399477839
0.704 -1.42571913951
0.705 -1.42744798513
0.706 -1.42917723852
0.707 -1.43090689323
0.708 -1.43264105738
0.709 -1.43437562767
0.71 -1.43610233247
0.711 -1.4378335359
0.712 -1.43956510767
0.713 -1.44130120053
0.714 -1.44302516068
0.715 -1.44474943265
0.716 -1.44646982286
0.717 -1.44818629708
0.718 -1.44989882097
0.719 -1.45161157372
0.72 -1.45332877065
0.721 -1.45504196788
0.722 -1.45675113059
0.723 -1.45845622382
0.724 -1.46016147168
0.725 -1.46186686635
0.726 -1.46357239996
0.727 -1.46527377791
0.728 -1.46697526049
0.729 -1.46867253455
0.73 -1.47036987854
0.731 -1.47206296072
0.732 -1.47374307972
0.733 -1.47542316976
0.734 -1.4771075732
0.735 -1.47879194875
0.736 -1.48047628765
0.737 -1.48216058111
0.738 -1.48384482028
0.739 -1.48552020113
0.74 -1.48719987931
0.741 -1.48887504127
0.742 -1.49054122423
0.743 -1.49221166749
0.744 -1.49388638976
0.745 -1.49556540985
0.746 -1.4972487467
0.747 -1.49893194664
0.748 -1.50061948248
0.749 -1.50231137342
0.75 -1.50399863584
0.751 -1.50568574247
0.752 -1.50737268368
0.753 -1.50905491947
0.754 -1.51073241117
0.755 -1.5124142191
0.756 -1.51409124378
0.757 -1.51577258404
0.758 -1.51745825895
0.759 -1.5191482877
0.76 -1.52083809127
0.761 -1.52253226769
0.762 -1.52422621836
0.763 -1.52591993309
0.764 -1.52761803948
0.765 -1.5293205571
0.766 -1.53102284777
0.767 -1.53272956906
0.768 -1.53444074079
0.769 -1.5361516948
0.77 -1.53785772246
0.771 -1.53956349128
0.772 -1.54127370916
0.773 -1.54298366733
0.774 -1.54469809408
0.775 -1.54641226024
0.776 -1.54813091461
0.777 -1.54984930753
0.778 -1.55156742819
0.779 -1.55329005633
0.78 -1.55501721228
0.781 -1.556734482
0.782 -1.55845143568
0.783 -1.56017289457
0.784 -1.56189403606
0.785 -1.56361970238
0.786 -1.56534991399
0.787 -1.56708469145
0.788 -1.5688240555
0.789 -1.57055823478
0.79 -1.57229209262
0.791 -1.57402070008
0.792 -1.57574894167
0.793 -1.57747186675
0.794 -1.57919438106
0.795 -1.58092143324
0.796 -1.58265304385
0.797 -1.5843842513
0.798 -1.58611504362
0.799 -1.5878454088
0.8 -1.58957031973
0.801 -1.59129978329
0.802 -1.59303382012
0.803 -1.59476740299
0.804 -1.59649546051
0.805 -1.59820780703
0.806 -1.59991957392
0.807 -1.60162565632
0.808 -1.60333621435
0.809 -1.6050410399
0.81 -1.60675033704
0.811 -1.6084641259
0.812 -1.61017213178
0.813 -1.61187946658
0.814 -1.61358094717
0.815 -1.61528688842
0.816 -1.61699731038
0.817 -1.61870702979
0.818 -1.62042124776
0.819 -1.62213475849
0.82 -1.62384231081
0.821 -1.62554910562
0.822 -1.62726038918
0.823 -1.62897618171
0.824 -1.63069122048
0.825 -1.63241078604
0.826 -1.6341348989
0.827 -1.6358635797
0.828 -1.6375968492
0.829 -1.63932938708
0.83 -1.64106653209
0.831 -1.6428029405
0.832 -1.64454397456
0.833 -1.64628965544
0.834 -1.64802920372
0.835 -1.64977339374
0.836 -1.65152224676
0.837 -1.65327034794
0.838 -1.65501768269
0.839 -1.65676423629
0.84 -1.65850999397
0.841 -1.66026042534
0.842 -1.66201555188
0.843 -1.66376988632
0.844 -1.6655289348
0.845 -1.66728718564
0.846 -1.66905016947
0.847 -1.67081235005
0.848 -1.67257928269
0.849 -1.67433982345
0.85 -1.67609391972
0.851 -1.67784151873
0.852 -1.67958818772
0.853 -1.68133391089
0.854 -1.68307867233
0.855 -1.68482245604
0.856 -1.68656524595
0.857 -1.68830134328
0.858 -1.69003069421
0.859 -1.69175895229
0.86 -1.69348610094
0.861 -1.69521785614
0.862 -1.69695423896
0.863 -1.69868951257
0.864 -1.70042943085
0.865 -1.70217401513
0.866 -1.70392328686
0.867 -1.70567726765
0.868 -1.70743597925
0.869 -1.70919944356
0.87 -1.71095598609
0.871 -1.71271727318
0.872 -1.71446570378
0.873 -1.71621295696
0.874 -1.71796491563
0.875 -1.71972160152
0.876 -1.72147710971
0.877 -1.72321954267
0.878 -1.72496070971
0.879 -1.72670655906
0.88 -1.7284571123
0.881 -1.73020040551
0.882 -1.7319483928
0.883 -1.73370109584
0.884 -1.73545250355
0.885 -1.73720259748
0.886 -1.73895135913
0.887 -1.74070484311
0.888 -1.74245089769
0.889 -1.74420166412
0.89 -1.7459449364
0.891 -1.74769290971
0.892 -1.74943332363
0.893 -1.75116611816
0.894 -1.75290356956
0.895 -1.75463951737
0.896 -1.75637394202
0.897 -1.75811303312
0.898 -1.75985681217
0.899 -1.76159906389
0.9 -1.76333351771
0.901 -1.76506637671
0.902 -1.76679762077
0.903 -1.76853352191
0.904 -1.77026148915
0.905 -1.7719814604
0.906 -1.77369337343
0.907 -1.7754098614
0.908 -1.77711822177
0.909 -1.77883114306
0.91 -1.78054225644
0.911 -1.78225154077
0.912 -1.78396539243
0.913 -1.78567096879
0.914 -1.78736820629
0.915 -1.78906996072
0.916 -1.79077625261
0.917 -1.79248061454
0.918 -1.79418302465
0.919 -1.79588346099
0.92 -1.79758843218
0.921 -1.79927177913
0.922 -1.80095302896
0.923 -1.80263873239
0.924 -1.80432232204
0.925 -1.8059971735
0.926 -1.80766322129
0.927 -1.80932702992
0.928 -1.81099522066
0.929 -1.81265449583
0.93 -1.81431146223
0.931 -1.81596609646
0.932 -1.81762507647
0.933 -1.81928842171
0.934 -1.82094942137
0.935 -1.8226147965
0.936 -1.82427104809
0.937 -1.8259316563
0.938 -1.8275898523
0.939 -1.82925241482
0.94 -1.83091254592
0.941 -1.83257705344
0.942 -1.83423226327
0.943 -1.83588496841
0.944 -1.83754202042
0.945 -1.83919654777
0.946 -1.84084852566
0.947 -1.84249792915
0.948 -1.8441447332
0.949 -1.84578891268
0.95 -1.84743740719
0.951 -1.84908325619
0.952 -1.85073342895
0.953 -1.85238093508
0.954 -1.85402574897
0.955 -1.85567488453
0.956 -1.85732836109
0.957 -1.85898619806
0.958 -1.86064132988
0.959 -1.86230083082
0.96 -1.86395760487
0.961 -1.8656116258
0.962 -1.86727001347
0.963 -1.86893278748
0.964 -1.87059279049
0.965 -1.87224999591
0.966 -1.87391158497
0.967 -1.87557035389
0.968 -1.87722627574
0.969 -1.87888657812
0.97 -1.88055128074
0.971 -1.88222040342
0.972 -1.88389396613
0.973 -1.88557198895
0.974 -1.88725449212
0.975 -1.88894149599
0.976 -1.89062565537
0.977 -1.89231432432
0.978 -1.89400752342
0.979 -1.89570527334
0.98 -1.89740759492
0.981 -1.89909216883
0.982 -1.90077379533
0.983 -1.9024599253
0.984 -1.90414308372
0.985 -1.90581573026
0.986 -1.90749284362
0.987 -1.90916689954
0.988 -1.91083786916
0.989 -1.9125057235
0.99 -1.91417802712
0.991 -1.91585480019
0.992 -1.91753606302
0.993 -1.91922183606
0.994 -1.92090447966
0.995 -1.92258396425
0.996 -1.92426795379
0.997 -1.92595646881
0.998 -1.92763407526
0.999 -1.92930843679
1.0 -1.93097952326
1.001 -1.93265508222
1.002 -1.93433513401
1.003 -1.93601188725
1.004 -1.93769314023
1.005 -1.93937891346
1.006 -1.94106136439
1.007 -1.94274046214
1.008 -1.94442407325
1.009 -1.94610430348
1.01 -1.94778905373
1.011 -1.94947834465
1.012 -1.95116423004
1.013 -1.95285466281
1.014 -1.95454166178
1.015 -1.95623321473
1.016 -1.95792934255
1.017 -1.95962201134
1.018 -1.96131926164
1.019 -1.96302111454
1.02 -1.96471948289
1.021 -1.96640620815
1.022 -1.96808934825
1.023 -1.96977703226
1.024 -1.97146110129
1.025 -1.9731415224
1.026 -1.97481826254
1.027 -1.97649952196
1.028 -1.97816881834
1.029 -1.97983433377
1.03 -1.98149603464
1.031 -1.98315388725
1.032 -1.98481618105
1.033 -1.98647459479
1.034 -1.98813745388
1.035 -1.98980477852
1.036 -1.99146819307
1.037 -1.9931276631
1.038 -1.99479158652
1.039 -1.99645998359
1.04 -1.99812440542
1.041 -1.9997933048
1.042 -2.00146670217
1.043 -2.00313609319
1.044 -2.00480998609
1.045 -2.00647983928
1.046 -2.00813703648
1.047 -2.0097900856
1.048 -2.01143895088
1.049 -2.01309223301
1.05 -2.01474995203
1.051 -2.01641212811
1.052 -2.01807878156
1.053 -2.01974122068
1.054 -2.02138194709
1.055 -2.02302706032
1.056 -2.02466781157
1.057 -2.02630416395
1.058 -2.02794488687
1.059 -2.02959000008
1.06 -2.03123952346
1.061 -2.03288461323
1.062 -2.03453411483
1.063 -2.03618804827
1.064 -2.03784643371
1.065 -2.03950929145
1.066 -2.0411766419
1.067 -2.04284850563
1.068 -2.04452490333
1.069 -2.04619683607
1.07 -2.04786426536
1.071 -2.04953621187
1.072 -2.05119453809
1.073 -2.05283004729
1.074 -2.05446081919
1.075 -2.05608681463
1.076 -2.05769883703
1.077 -2.05931514201
1.078 -2.06093574877
1.079 -2.06255146043
1.08 -2.06416223722
1.081 -2.06576803923
1.082 -2.06737810161
1.083 -2.06898314841
1.084 -2.07058313935
1.085 -2.07218736853
1.086 -2.07379585486
1.087 -2.07540861742
1.088 -2.07701628091
1.089 -2.07860939001
1.09 -2.08020671246
1.091 -2.08180826704
1.092 -2.08341407265
1.093 -2.08501465359
1.094 -2.08660996828
1.095 -2.08819997506
1.096 -2.08979418727
1.097 -2.09139262367
1.098 -2.09297611145
1.099 -2.09456377969
1.1 -2.09615564697
1.101 -2.09774207515
1.102 -2.09931334453
1.103 -2.10087904892
1.104 -2.10244886318
1.105 -2.10402280547
1.106 -2.10560089404
1.107 -2.10718314728
1.108 -2.10875978374
1.109 -2.1103405805
1.11 -2.11192555602
1.111 -2.1135147289
1.112 -2.11510811785
1.113 -2.1167057417
1.114 -2.11830761939
1.115 -2.11990382348
1.116 -2.1214943095
1.117 -2.12308902165
1.118 -2.12468797883
1.119 -2.12628116862
1.12 -2.12787859876
1.121 -2.12948028824
1.122 -2.13107616042
1.123 -2.13267628711
1.124 -2.13428068739
1.125 -2.13588938049
1.126 -2.13750238574
1.127 -2.13911972261
1.128 -2.14074141071
1.129 -2.14235722127
1.13 -2.14397737831
1.131 -2.14559160887
1.132 -2.14721018094
1.133 -2.1488331142
1.134 -2.15046042845
1.135 -2.15208176171
1.136 -2.1537074709
1.137 -2.15532714909
1.138 -2.15695119791
1.139 -2.15857963724
1.14 -2.16021248706
1.141 -2.1618497675
1.142 -2.16349149883
1.143 -2.16512713793
1.144 -2.16675663622
1.145 -2.16835872663
1.146 -2.16995448755
1.147 -2.17154387009
1.148 -2.17313750236
1.149 -2.17473540346
1.15 -2.17633759262
1.151 -2.17794408917
1.152 -2.17954414352
1.153 -2.1811377059
1.154 -2.18273554147
1.155 -2.18433766951
1.156 -2.18593324778
1.157 -2.18752222595
1.158 -2.18911546144
1.159 -2.19071297343
1.16 -2.1923147812
1.161 -2.19390992583
1.162 -2.19550935797
1.163 -2.19709104627
1.164 -2.19864382071
1.165 -2.20020070543
1.166 -2.20176171867
1.167 -2.20331576045
1.168 -2.20486277899
1.169 -2.20641388733
1.17 -2.20796910356
1.171 -2.20951723397
1.172 -2.21106946162
1.173 -2.21262580467
1.174 -2.2141749986
1.175 -2.21572829703
1.176 -2.21728571817
1.177 -2.21884728036
1.178 -2.22041300203
1.179 -2.22198290177
1.18 -2.22355699826
1.181 -2.2251353103
1.182 -2.22670638151
1.183 -2.2282701577
1.184 -2.22982658457
1.185 -2.23138715583
1.186 -2.23294031742
1.187 -2.23449761148
1.188 -2.23605905644
1.189 -2.23762467082
1.19 -2.23919447326
1.191 -2.24075678699
1.192 -2.24232327668
1.193 -2.24388221588
1.194 -2.24544531866
1.195 -2.246989014
1.196 -2.24853681046
1.197 -2.25008872626
1.198 -2.25162104115
1.199 -2.25315741224
1.2 -2.25468593859
1.201 -2.25621850718
1.202 -2.25774316721
1.203 -2.25927185521
1.204 -2.26080458896
1.205 -2.26234138636
1.206 -2.26388226541
1.207 -2.26542724422
1.208 -2.26697634104
1.209 -2.26851742864
1.21 -2.27005044876
1.211 -2.27158753946
1.212 -2.2731287188
1.213 -2.27467400496
1.214 -2.27621114258
1.215 -2.27775237193
1.216 -2.27928538599
1.217 -2.28081012545
1.218 -2.28233890751
1.219 -2.28387175008
1.22 -2.28540867115
1.221 -2.28694968886
1.222 -2.28849482144
1.223 -2.29003157982
1.224 -2.29155990346
1.225 -2.29309229149
1.226 -2.29462876195
1.227 -2.296169333
1.228 -2.29771402291
1.229 -2.29926285007
1.23 -2.30081583299
1.231 -2.30236027049
1.232 -2.30390884713
1.233 -2.30546158145
1.234 -2.30701849208
1.235 -2.30856676981
1.236 -2.31011920692
1.237 -2.31167582208
1.238 -2.31321081464
1.239 -2.31474991337
1.24 -2.31628017257
1.241 -2.31781451999
1.242 -2.31935297385
1.243 -2.32089555247
1.244 -2.32244227431
1.245 -2.32398005652
1.246 -2.32550883469
1.247 -2.3270417008
1.248 -2.32857867308
1.249 -2.33011976987
1.25 -2.33166500963
1.251 -2.33317460704
1.252 -2.33467492164
1.253 -2.33615256569
1.254 -2.33763409181
1.255 -2.33911951693
1.256 -2.34060885811
1.257 -2.34210213253
1.258 -2.34359935746
1.259 -2.34510055027
1.26 -2.34660572846
1.261 -2.34811490963
1.262 -2.3496281115
1.263 -2.3511453519
1.264 -2.35266664877
1.265 -2.35419202016
1.266 -2.35572148426
1.267 -2.35725505934
1.268 -2.35879276383
1.269 -2.36033461623
1.27 -2.36188063521
1.271 -2.36343083952
1.272 -2.36498524806
1.273 -2.36652998737
1.274 -2.36807890969
1.275 -2.36960413092
1.276 -2.37113345444
1.277 -2.37266689861
1.278 -2.374190442
1.279 -2.37571808368
1.28 -2.37724984199
1.281 -2.3787857354
1.282 -2.3803116235
1.283 -2.38184162394
1.284 -2.38337575513
1.285 -2.38491403566
1.286 -2.38645648421
1.287 -2.38800311958
1.288 -2.3895539607
1.289 -2.3910946556
1.29 -2.39263953301
1.291 -2.39418861183
1.292 -2.39574191109
1.293 -2.39729944994
1.294 -2.39886124767
1.295 -2.40042732367
1.296 -2.40198310948
1.297 -2.40354314985
1.298 -2.40510746415
1.299 -2.40667607189
1.3 -2.40823427872
1.301 -2.40978200938
1.302 -2.41133396539
1.303 -2.41289016596
1.304 -2.41445063042
1.305 -2.41601537823
1.306 -2.41758442896
1.307 -2.41915780233
1.308 -2.42072054892
1.309 -2.42228759306
1.31 -2.42385895444
1.311 -2.42543465289
1.312 -2.42701470833
1.313 -2.42859914086
1.314 -2.43018797067
1.315 -2.43178121812
1.316 -2.43337890369
1.317 -2.43496578279
1.318 -2.43655707436
1.319 -2.43813746694
1.32 -2.43972224589
1.321 -2.44131143149
1.322 -2.44290504416
1.323 -2.44450310446
1.324 -2.44610563308
1.325 -2.44769711627
1.326 -2.44929304115
1.327 -2.45087782568
1.328 -2.45246702479
1.329 -2.45406065898
1.33 -2.45565874886
1.331 -2.45726131521
1.332 -2.45886837892
1.333 -2.46047996103
1.334 -2.46209608273
1.335 -2.46371676535
1.336 -2.46534203035
1.337 -2.46697189936
1.338 -2.46860639414
1.339 -2.47024553661
1.34 -2.47188934882
1.341 -2.473537853
1.342 -2.47517494052
1.343 -2.47681669212
1.344 -2.47846313
1.345 -2.48008179683
1.346 -2.48170504883
1.347 -2.48333290769
1.348 -2.48496539519
1.349 -2.4866025333
1.35 -2.48824434411
1.351 -2.48987439075
1.352 -2.49150908063
1.353 -2.49313190294
1.354 -2.49475933853
1.355 -2.49639140928
1.356 -2.49799484934
1.357 -2.49960281991
1.358 -2.50121534232
1.359 -2.50281568324
1.36 -2.5044205445
1.361 -2.50602994735
1.362 -2.50764391319
1.363 -2.50924555954
1.364 -2.51083479554
1.365 -2.51242850871
1.366 -2.51402672003
1.367 -2.51562945061
1.368 -2.51723672172
1.369 -2.51883142517
1.37 -2.52043063595
1.371 -2.52199996486
1.372 -2.5235564493
1.373 -2.52511727679
1.374 -2.52668246742
1.375 -2.52823468622
1.376 -2.52979123303
1.377 -2.53135212788
1.378 -2.53291739091
1.379 -2.53448704242
1.38 -2.53606110282
1.381 -2.53763959268
1.382 -2.5392225327
1.383 -2.54080994371
1.384 -2.54240184669
1.385 -2.54399826276
1.386 -2.54559921318
1.387 -2.54720471937
1.388 -2.54881480286
1.389 -2.55041158683
1.39 -2.55201291172
1.391 -2.55360082095
1.392 -2.55519323416
1.393 -2.55679017254
1.394 -2.55839165747
1.395 -2.55999771045
1.396 -2.56160835313
1.397 -2.56322360731
1.398 -2.56484349495
1.399 -2.56646803814
1.4 -2.56809725913
1.401 -2.56973118034
1.402 -2.57136982431
1.403 -2.57301321377
1.404 -2.57462435238
1.405 -2.57624011481
1.406 -2.57786052311
1.407 -2.57948559948
1.408 -2.58109668988
1.409 -2.58271240897
1.41 -2.58433277885
1.411 -2.58593901928
1.412 -2.58754987046
1.413 -2.58916535436
1.414 -2.59076656394
1.415 -2.59237236555
1.416 -2.59398278104
1.417 -2.59559783244
1.418 -2.5972175419
1.419 -2.59882278913
1.42 -2.6004326529
1.421 -2.60202792689
1.422 -2.6036277753
1.423 -2.6052322199
1.424 -2.60684128259
1.425 -2.60845498544
1.426 -2.61007335066
1.427 -2.61169640061
1.428 -2.6133241578
1.429 -2.6149370676
1.43 -2.61651539956
1.431 -2.61807857804
1.432 -2.61964620113
1.433 -2.62119853921
1.434 -2.6227552767
1.435 -2.62427676035
1.436 -2.62580251127
1.437 -2.62731262673
1.438 -2.62882696281
1.439 -2.63034553897
1.44 -2.63186837479
1.441 -2.63339549001
1.442 -2.63492690447
1.443 -2.63646263816
1.444 -2.6380027112
1.445 -2.63954714383
1.446 -2.64109595645
1.447 -2.64264916957
1.448 -2.64420680387
1.449 -2.64576888014
1.45 -2.64733541933
1.451 -2.64890644251
1.452 -2.65048197093
1.453 -2.65206202593
1.454 -2.65364662906
1.455 -2.65523580196
1.456 -2.65682956645
1.457 -2.65842794449
1.458 -2.6600309582
1.459 -2.66163862984
1.46 -2.66325098182
1.461 -2.66484702986
1.462 -2.66642665472
1.463 -2.66801083775
1.464 -2.66959960071
1.465 -2.6711929655
1.466 -2.67279095417
1.467 -2.67437229807
1.468 -2.67593687645
1.469 -2.67748456878
1.47 -2.6790366867
1.471 -2.68059325108
1.472 -2.68215428295
1.473 -2.68371980349
1.474 -2.685289834
1.475 -2.68686439595
1.476 -2.68844351095
1.477 -2.69002720075
1.478 -2.6915936701
1.479 -2.69316466042
1.48 -2.69474019324
1.481 -2.69632029027
1.482 -2.69790497334
1.483 -2.69949426445
1.484 -2.70106607384
1.485 -2.70264243623
1.486 -2.70422337341
1.487 -2.70580890729
1.488 -2.70739905997
1.489 -2.70899385366
1.49 -2.71054848782
1.491 -2.712085146
1.492 -2.7136262105
1.493 -2.71517170213
1.494 -2.71672164186
1.495 -2.71827605079
1.496 -2.71981224016
1.497 -2.72135284058
1.498 -2.72287506293
1.499 -2.72440163754
1.5 -2.72593258489
1.501 -2.72744496533
1.502 -2.72896165897
1.503 -2.73048268605
1.504 -2.73198495595
1.505 -2.73346833824
1.506 -2.73495591311
1.507 -2.7364477
1.508 -2.73794371851
1.509 -2.73942062686
1.51 -2.74090170519
1.511 -2.74238697282
1.512 -2.74387644919
1.513 -2.74537015388
1.514 -2.7468681066
1.515 -2.74837032717
1.516 -2.74982940062
1.517 -2.75129257679
1.518 -2.75275987459
1.519 -2.75423131304
1.52 -2.75570691131
1.521 -2.75716271618
1.522 -2.75862261645
1.523 -2.76008663099
1.524 -2.76155477879
1.525 -2.76302707897
1.526 -2.7644793204
1.527 -2.76593564868
1.528 -2.76737174907
1.529 -2.76881187025
1.53 -2.77025603063
1.531 -2.77170424873
1.532 -2.77315654322
1.533 -2.77458833956
1.534 -2.7760241451
1.535 -2.77746397817
1.536 -2.77890785726
1.537 -2.78035580093
1.538 -2.78180782792
1.539 -2.78326395705
1.54 -2.78469924504
1.541 -2.78613856643
1.542 -2.78758193975
1.543 -2.78902938364
1.544 -2.79048091687
1.545 -2.79193655833
1.546 -2.79339632703
1.547 -2.79486024212
1.548 -2.79632832285
1.549 -2.79777514107
1.55 -2.79922605418
1.551 -2.80068108113
1.552 -2.80214024098
1.553 -2.80357788656
1.554 -2.80501959331
1.555 -2.80646537996
1.556 -2.80791526538
1.557 -2.80936926855
1.558 -2.81082740858
1.559 -2.8122897047
1.56 -2.81375617629
1.561 -2.81520073216
1.562 -2.81662322384
1.563 -2.81804972455
1.564 -2.81948025272
1.565 -2.8209148269
1.566 -2.82235346576
1.567 -2.82374329762
1.568 -2.82513700762
1.569 -2.82653461335
1.57 -2.8279095216
1.571 -2.82928824974
1.572 -2.83067081504
1.573 -2.83205723486
1.574 -2.83344752669
1.575 -2.83481481881
1.576 -2.83618590593
1.577 -2.83756080516
1.578 -2.83893953373
1.579 -2.84032210898
1.58 -2.84170854836
1.581 -2.84309886942
1.582 -2.84449308984
1.583 -2.84586388596
1.584 -2.84723850251
1.585 -2.8486169568
1.586 -2.84999926622
1.587 -2.85138544832
1.588 -2.85277552071
1.589 -2.85416950115
1.59 -2.85553966325
1.591 -2.85691365277
1.592 -2.85829148706
1.593 -2.85967318361
1.594 -2.86103078367
1.595 -2.8623921644
1.596 -2.8637573429
1.597 -2.86512633634
1.598 -2.86649916204
1.599 -2.8678758374
1.6 -2.86925637996
1.601 -2.87061242043
1.602 -2.87197224479
1.603 -2.87333587014
1.604 -2.87470331374
1.605 -2.87607459291
1.606 -2.87742104182
1.607 -2.8787712418
1.608 -2.88012520976
1.609 -2.88148296275
1.61 -2.88284451793
1.611 -2.88420989255
1.612 -2.88557910399
1.613 -2.88695216972
1.614 -2.88832910736
1.615 -2.88968070893
1.616 -2.89103609554
1.617 -2.89239528437
1.618 -2.89375829268
1.619 -2.89512513788
1.62 -2.89649583747
1.621 -2.89787040908
1.622 -2.89924887043
1.623 -2.90063123938
1.624 -2.90201753389
1.625 -2.90340777204
1.626 -2.90480197204
1.627 -2.9062001522
1.628 -2.90757229598
1.629 -2.90894832946
1.63 -2.9102981096
1.631 -2.9116516886
1.632 -2.91300908375
1.633 -2.91437031248
1.634 -2.91573539231
1.635 -2.91710434088
1.636 -2.91847717596
1.637 -2.91985391541
1.638 -2.92123457724
1.639 -2.92261917953
1.64 -2.92400774053
1.641 -2.92540027858
1.642 -2.92676587969
1.643 -2.92813536353
1.644 -2.92950874799
1.645 -2.93088605106
1.646 -2.93226729083
1.647 -2.93365248554
1.648 -2.93504165353
1.649 -2.93643481327
1.65 -2.93783198334
1.651 -2.93923318246
1.652 -2.94063842947
1.653 -2.94204774331
1.654 -2.94346114307
1.655 -2.94487864798
1.656 -2.94630027737
1.657 -2.9477260507
1.658 -2.94915598759
1.659 -2.95059010776
1.66 -2.95202843109
1.661 -2.95347097756
1.662 -2.95491776731
1.663 -2.95633645973
1.664 -2.95772686428
1.665 -2.95912129053
1.666 -2.96051975734
1.667 -2.96192228366
1.668 -2.96332888857
1.669 -2.96473959129
1.67 -2.96615441117
1.671 -2.96757336768
1.672 -2.96899648042
1.673 -2.97042376912
1.674 -2.97185525365
1.675 -2.97329095402
1.676 -2.97473089037
1.677 -2.97617508296
1.678 -2.97762355221
1.679 -2.97907631867
1.68 -2.98053340304
1.681 -2.98199482614
1.682 -2.98346060895
1.683 -2.98493077258
1.684 -2.98637145896
1.685 -2.98781641815
1.686 -2.9892656707
1.687 -2.9907192373
1.688 -2.99217713879
1.689 -2.99360514077
1.69 -2.99503736802
1.691 -2.99647384081
1.692 -2.99791457953
1.693 -2.99935960471
1.694 -3.00080893702
1.695 -3.00226259728
1.696 -3.00372060645
1.697 -3.00518298563
1.698 -3.00661481241
1.699 -3.00805089642
1.7 -3.00949125817
1.701 -3.01093591829
1.702 -3.01238489757
1.703 -3.01383821694
1.704 -3.01529589746
1.705 -3.01675796036
1.706 -3.01815329059
1.707 -3.01955273163
1.708 -3.02095630305
1.709 -3.02232822523
1.71 -3.02370416192
1.711 -3.02508413207
1.712 -3.02646815476
1.713 -3.0278562492
1.714 -3.02924843473
1.715 -3.03064473082
1.716 -3.03204515706
1.717 -3.03344973319
1.718 -3.03485847907
1.719 -3.03627141471
1.72 -3.03768856023
1.721 -3.03910993592
1.722 -3.04053556217
1.723 -3.04196545955
1.724 -3.04339964874
1.725 -3.04483815058
1.726 -3.04624383135
1.727 -3.04765370223
1.728 -3.04906778338
1.729 -3.05048609511
1.73 -3.05190865788
1.731 -3.05333549226
1.732 -3.05476661898
1.733 -3.05620205893
1.734 -3.0576418331
1.735 -3.05904806162
1.736 -3.06045849839
1.737 -3.06187316374
1.738 -3.06329207814
1.739 -3.06471526219
1.74 -3.06614273664
1.741 -3.06757452239
1.742 -3.06901064046
1.743 -3.07045111205
1.744 -3.07185729394
1.745 -3.07326769984
1.746 -3.07468235023
1.747 -3.0761012657
1.748 -3.07748546014
1.749 -3.078873789
1.75 -3.08022709568
1.751 -3.08154514641
1.752 -3.08286705144
1.753 -3.08419282886
1.754 -3.08552249689
1.755 -3.08685607386
1.756 -3.08819357822
1.757 -3.08953502855
1.758 -3.09088044354
1.759 -3.09222984203
1.76 -3.09358324297
1.761 -3.09494066542
1.762 -3.09626193326
1.763 -3.09758708792
1.764 -3.09891614775
1.765 -3.1002491312
1.766 -3.10158605688
1.767 -3.10292694349
1.768 -3.10427180987
1.769 -3.105620675
1.77 -3.10697355796
1.771 -3.10833047799
1.772 -3.10969145441
1.773 -3.11105650674
1.774 -3.11242565456
1.775 -3.11379891765
1.776 -3.11517631587
1.777 -3.11655786924
1.778 -3.11794359793
1.779 -3.11933352222
1.78 -3.12072766254
1.781 -3.12212603948
1.782 -3.12352867374
1.783 -3.12493558617
1.784 -3.1263467978
1.785 -3.12776232975
1.786 -3.12918220333
1.787 -3.13056398524
1.788 -3.13194996214
1.789 -3.13334015449
1.79 -3.13469184696
1.791 -3.13604760772
1.792 -3.13740745641
1.793 -3.13877141282
1.794 -3.1400963869
1.795 -3.14138211935
1.796 -3.14267164515
1.797 -3.1439649822
1.798 -3.1452621485
1.799 -3.14656316219
1.8 -3.14786804151
1.801 -3.14913304976
1.802 -3.15040177442
1.803 -3.15167423289
1.804 -3.15295044272
1.805 -3.15423042157
1.806 -3.15546996975
1.807 -3.15671313648
1.808 -3.15795993859
1.809 -3.15921039304
1.81 -3.16046451687
1.811 -3.16172232724
1.812 -3.16298384144
1.813 -3.16424907686
1.814 -3.165518051
1.815 -3.16674572325
1.816 -3.16797698038
1.817 -3.16921183905
1.818 -3.17045031603
1.819 -3.1716924282
1.82 -3.17293819255
1.821 -3.17418762619
1.822 -3.17544074633
1.823 -3.17669757029
1.824 -3.17795811553
1.825 -3.17922239959
1.826 -3.18049044015
1.827 -3.18176225501
1.828 -3.18303786207
1.829 -3.18431727936
1.83 -3.18560052503
1.831 -3.18688761735
1.832 -3.18817857471
1.833 -3.18947341564
1.834 -3.19077215876
1.835 -3.19207482285
1.836 -3.19338142681
1.837 -3.19469198964
1.838 -3.19600653051
1.839 -3.19727765398
1.84 -3.19855258915
1.841 -3.19983135423
1.842 -3.20111396757
1.843 -3.2024004476
1.844 -3.20369081292
1.845 -3.20498508223
1.846 -3.20628327437
1.847 -3.20758540829
1.848 -3.20884316238
1.849 -3.21010468814
1.85 -3.21137000357
1.851 -3.21263912678
1.852 -3.21391207602
1.853 -3.21518886965
1.854 -3.21646952617
1.855 -3.21775406417
1.856 -3.21899332731
1.857 -3.22023629872
1.858 -3.22148299601
1.859 -3.22273343696
1.86 -3.22398763941
1.861 -3.22524562137
1.862 -3.22650740095
1.863 -3.22777299637
1.864 -3.22904242599
1.865 -3.23031570829
1.866 -3.23159286186
1.867 -3.23287390545
1.868 -3.2341588579
1.869 -3.23544773819
1.87 -3.23674056545
1.871 -3.23803735892
1.872 -3.23933813796
1.873 -3.24064292209
1.874 -3.24195173094
1.875 -3.24326458431
1.876 -3.24458150209
1.877 -3.24590250434
1.878 -3.24722761126
1.879 -3.24855684316
1.88 -3.24989022052
1.881 -3.25122776396
1.882 -3.25256949423
1.883 -3.25391543223
1.884 -3.25526559902
1.885 -3.25662001579
1.886 -3.25797870389
1.887 -3.25928906293
1.888 -3.26060350055
1.889 -3.26192203696
1.89 -3.26324469251
1.891 -3.2645714877
1.892 -3.26590244316
1.893 -3.26723757968
1.894 -3.26857691819
1.895 -3.26992047977
1.896 -3.27126828562
1.897 -3.27262035714
1.898 -3.27397671584
1.899 -3.2753373834
1.9 -3.27670238165
1.901 -3.27807173258
1.902 -3.27944545833
1.903 -3.28082358119
1.904 -3.28220612364
1.905 -3.2835931083
1.906 -3.28498455794
1.907 -3.28638049552
1.908 -3.28778094415
1.909 -3.28918592711
1.91 -3.29059546786
1.911 -3.29200959002
1.912 -3.29342831737
1.913 -3.29485167389
1.914 -3.29627968372
1.915 -3.29771237118
1.916 -3.29914976077
1.917 -3.30059187716
1.918 -3.30203874523
1.919 -3.30349039
1.92 -3.30494683672
1.921 -3.30640811081
1.922 -3.30787423786
1.923 -3.30934524369
1.924 -3.31082115428
1.925 -3.31230199582
1.926 -3.3137877947
1.927 -3.31527857749
1.928 -3.31677437098
1.929 -3.31827520217
1.93 -3.31978109823
1.931 -3.32129208657
1.932 -3.3228081948
1.933 -3.32432945073
1.934 -3.3258558824
1.935 -3.32738751805
1.936 -3.32892438614
1.937 -3.33046651536
1.938 -3.33201393461
1.939 -3.33356667303
1.94 -3.33512475996
1.941 -3.336688225
1.942 -3.33825709794
1.943 -3.33983140886
1.944 -3.34141118802
1.945 -3.34299646594
1.946 -3.3445872734
1.947 -3.3461836414
1.948 -3.34778560118
1.949 -3.34939318424
1.95 -3.35100642234
1.951 -3.35256405981
1.952 -3.35412710403
1.953 -3.3556955851
1.954 -3.35726953338
1.955 -3.35884897946
1.956 -3.36043395419
1.957 -3.36202448865
1.958 -3.36362061415
1.959 -3.36522236228
1.96 -3.36682976487
1.961 -3.36844285399
1.962 -3.37006166199
1.963 -3.37168622147
1.964 -3.37331656528
1.965 -3.37495272656
1.966 -3.37653105457
1.967 -3.37811493774
1.968 -3.37970440746
1.969 -3.38129949535
1.97 -3.38290023329
1.971 -3.38450665341
1.972 -3.38611878811
1.973 -3.38773667005
1.974 -3.38936033213
1.975 -3.39098980754
1.976 -3.39262512974
1.977 -3.39426633244
1.978 -3.39584776173
1.979 -3.39736894574
1.98 -3.3988954339
1.981 -3.40036107662
1.982 -3.40183175357
1.983 -3.40330749234
1.984 -3.40478832072
1.985 -3.40627426671
1.986 -3.40776535854
1.987 -3.40926162465
1.988 -3.41076309371
1.989 -3.41226979459
1.99 -3.41378175643
1.991 -3.41529900854
1.992 -3.41682158051
1.993 -3.41834950214
1.994 -3.41988280346
1.995 -3.42142151475
1.996 -3.42296566651
1.997 -3.42451528952
1.998 -3.42607041477
1.999 -3.4276310735
2.0 -3.42919729721
2.001 -3.43076911766
2.002 -3.43234656685
2.003 -3.43392967704
2.004 -3.43551848075
2.005 -3.43711301077
2.006 -3.43871330015
2.007 -3.44024870834
2.008 -3.44171872811
2.009 -3.44319388233
2.01 -3.44467419955
2.011 -3.44615970855
2.012 -3.44765043835
2.013 -3.44914641819
2.014 -3.45064767752
2.015 -3.45215424605
2.016 -3.4536661537
2.017 -3.45518343066
2.018 -3.45656082184
2.019 -3.45794292393
2.02 -3.45932976247
2.021 -3.46072136318
2.022 -3.462117752
2.023 -3.46351895505
2.024 -3.46492499865
2.025 -3.46633590932
2.026 -3.46775171379
2.027 -3.4690982027
2.028 -3.47044928039
2.029 -3.47180497161
2.03 -3.47316530128
2.031 -3.47453029451
2.032 -3.4758999766
2.033 -3.47727437304
2.034 -3.47857802358
2.035 -3.47988608021
2.036 -3.48119856642
2.037 -3.48251550589
2.038 -3.48383692247
2.039 -3.48516284019
2.04 -3.48649328326
2.041 -3.48782827607
2.042 -3.48916784319
2.043 -3.49051200939
2.044 -3.4918607996
2.045 -3.49313676463
2.046 -3.49441703714
2.047 -3.49570164002
2.048 -3.49699059634
2.049 -3.49828392937
2.05 -3.49950328338
2.051 -3.5007266978
2.052 -3.50195419386
2.053 -3.50318579295
2.054 -3.50442151663
2.055 -3.50566138658
2.056 -3.50690542468
2.057 -3.50815365294
2.058 -3.50940609354
2.059 -3.51066276884
2.06 -3.51192370134
2.061 -3.51318891372
2.062 -3.51445842883
2.063 -3.51573226968
2.064 -3.51701045946
2.065 -3.51829302151
2.066 -3.51957997939
2.067 -3.5208713568
2.068 -3.52216717762
2.069 -3.52346746592
2.07 -3.52477224594
2.071 -3.52608154213
2.072 -3.5273953791
2.073 -3.52871378164
2.074 -3.53003677475
2.075 -3.53136438362
2.076 -3.53269663361
2.077 -3.5340335503
2.078 -3.53529145992
2.079 -3.53655368769
2.08 -3.53782025689
2.081 -3.53909119098
2.082 -3.54036651359
2.083 -3.54164624853
2.084 -3.5429304198
2.085 -3.54421905157
2.086 -3.5455121682
2.087 -3.54680979422
2.088 -3.54811195436
2.089 -3.54941867354
2.09 -3.55072997687
2.091 -3.55204588964
2.092 -3.55336643735
2.093 -3.55469164568
2.094 -3.55602154052
2.095 -3.55735614796
2.096 -3.55860811607
2.097 -3.55986442862
2.098 -3.56112510927
2.099 -3.56239018184
2.1 -3.56357146748
2.101 -3.56475677994
2.102 -3.5659461407
2.103 -3.56713957136
2.104 -3.56833709372
2.105 -3.56953872971
2.106 -3.570655076
2.107 -3.57177517152
2.108 -3.5728990359
2.109 -3.57402668891
2.11 -3.57515815045
2.111 -3.57629344058
2.112 -3.57743257951
2.113 -3.57857558757
2.114 -3.57972248528
2.115 -3.58087329326
2.116 -3.58202803233
2.117 -3.58318672343
2.118 -3.58434938766
2.119 -3.5855160463
2.12 -3.58668672074
2.121 -3.58786143259
2.122 -3.58904020356
2.123 -3.59022305556
2.124 -3.59141001064
2.125 -3.59260109105
2.126 -3.59379631917
2.127 -3.59499571755
2.128 -3.59619930894
2.129 -3.5973128522
2.13 -3.59843019804
2.131 -3.59945668314
2.132 -3.60048658909
2.133 -3.60151993356
2.134 -3.60255673438
2.135 -3.60359700945
2.136 -3.60464077685
2.137 -3.60568805475
2.138 -3.60673886148
2.139 -3.60779321549
2.14 -3.60885113535
2.141 -3.60991263979
2.142 -3.61097774764
2.143 -3.61204647791
2.144 -3.61311884971
2.145 -3.6141948823
2.146 -3.6152745951
2.147 -3.61635800764
2.148 -3.61744513962
2.149 -3.61853601086
2.15 -3.61963064135
2.151 -3.62072905121
2.152 -3.62183126071
2.153 -3.62293729028
2.154 -3.62404716048
2.155 -3.62516089205
2.156 -3.62627850587
2.157 -3.62740002297
2.158 -3.62852546454
2.159 -3.62965485195
2.16 -3.63078820669
2.161 -3.63192555045
2.162 -3.63306690505
2.163 -3.63421229251
2.164 -3.63536173498
2.165 -3.63651525481
2.166 -3.6376728745
2.167 -3.63883461672
2.168 -3.64000050433
2.169 -3.64117056034
2.17 -3.64234480797
2.171 -3.64352327058
2.172 -3.64470597174
2.173 -3.64589293518
2.174 -3.64708418483
2.175 -3.64817503824
2.176 -3.64926973174
2.177 -3.6503682863
2.178 -3.65147072306
2.179 -3.6525770633
2.18 -3.65368732847
2.181 -3.65480154019
2.182 -3.65591972022
2.183 -3.65704189052
2.184 -3.65816807318
2.185 -3.65929829048
2.186 -3.66043256488
2.187 -3.66157091898
2.188 -3.66271337558
2.189 -3.66385995765
2.19 -3.66501068833
2.191 -3.66616559094
2.192 -3.66732468899
2.193 -3.66848800617
2.194 -3.66954607928
2.195 -3.67060790276
2.196 -3.6716734972
2.197 -3.67274288332
2.198 -3.67381608201
2.199 -3.67489311431
2.2 -3.67597400144
2.201 -3.67705876476
2.202 -3.6781474258
2.203 -3.67924000626
2.204 -3.68033652799
2.205 -3.68143701302
2.206 -3.68254148356
2.207 -3.68364996195
2.208 -3.68476247076
2.209 -3.68587903268
2.21 -3.68699967061
2.211 -3.68812440762
2.212 -3.68925326696
2.213 -3.69038627204
2.214 -3.69152344649
2.215 -3.6926648141
2.216 -3.69381039886
2.217 -3.69496022492
2.218 -3.69611431667
2.219 -3.69727269864
2.22 -3.69843539559
2.221 -3.69960243247
2.222 -3.70077383442
2.223 -3.70194962678
2.224 -3.7031298351
2.225 -3.70431448513
2.226 -3.70550360283
2.227 -3.70669721436
2.228 -3.7078953461
2.229 -3.70909802465
2.23 -3.71030527681
2.231 -3.7115171296
2.232 -3.71273361027
2.233 -3.71395474627
2.234 -3.71518056531
2.235 -3.7164110953
2.236 -3.71764636439
2.237 -3.71888640095
2.238 -3.72013123359
2.239 -3.72138089117
2.24 -3.72263540277
2.241 -3.72389479772
2.242 -3.7251591056
2.243 -3.72642835623
2.244 -3.72770257967
2.245 -3.72898180625
2.246 -3.73026606655
2.247 -3.73155539139
2.248 -3.73284981189
2.249 -3.7341493594
2.25 -3.73545406553
2.251 -3.73676396219
2.252 -3.73807908155
2.253 -3.73939945604
2.254 -3.74072511838
2.255 -3.74205610158
2.256 -3.74339243892
2.257 -3.74473416398
2.258 -3.74595294914
2.259 -3.74717651271
2.26 -3.74840488377
2.261 -3.74963809163
2.262 -3.75087616587
2.263 -3.7521191363
2.264 -3.75336703298
2.265 -3.75461988625
2.266 -3.75587772668
2.267 -3.7571405851
2.268 -3.75840849262
2.269 -3.75968148061
2.27 -3.7609595807
2.271 -3.76224282479
2.272 -3.76353124508
2.273 -3.764824874
2.274 -3.76612374431
2.275 -3.76742788902
2.276 -3.76873734145
2.277 -3.77005213519
2.278 -3.77137230413
2.279 -3.77256222486
2.28 -3.77375686984
2.281 -3.77495626813
2.282 -3.77616044902
2.283 -3.77736944205
2.284 -3.77858327701
2.285 -3.77980198394
2.286 -3.78102559315
2.287 -3.78225413521
2.288 -3.78348764092
2.289 -3.78472614138
2.29 -3.78596966794
2.291 -3.78721825223
2.292 -3.78847192615
2.293 -3.78973072187
2.294 -3.79099467184
2.295 -3.79226380881
2.296 -3.79353816579
2.297 -3.79481777611
2.298 -3.79610267336
2.299 -3.79739289144
2.3 -3.79868846457
2.301 -3.79998942723
2.302 -3.80129581424
2.303 -3.80260766071
2.304 -3.80392500208
2.305 -3.8052478741
2.306 -3.80657631282
2.307 -3.80791035464
2.308 -3.80925003629
2.309 -3.8105953948
2.31 -3.81194646758
2.311 -3.81330329233
2.312 -3.81466590713
2.313 -3.81603435039
2.314 -3.81740866088
2.315 -3.81878887772
2.316 -3.82017504038
2.317 -3.82156718873
2.318 -3.82296536296
2.319 -3.82436960366
2.32 -3.82577995179
2.321 -3.8271964487
2.322 -3.82861913611
2.323 -3.83004805615
2.324 -3.83148325133
2.325 -3.83292476457
2.326 -3.83437263918
2.327 -3.83582691889
2.328 -3.83728764785
2.329 -3.83875487063
2.33 -3.84022863221
2.331 -3.84170897801
2.332 -3.84319595389
2.333 -3.84468960615
2.334 -3.84618998152
2.335 -3.84769712721
2.336 -3.84921109087
2.337 -3.8507319206
2.338 -3.85225966501
2.339 -3.85379437314
2.34 -3.85533609454
2.341 -3.85688487924
2.342 -3.85844077776
2.343 -3.86000384112
2.344 -3.86157412085
2.345 -3.86315166899
2.346 -3.86473653809
2.347 -3.86616432109
2.348 -3.86759852796
2.349 -3.86903920363
2.35 -3.87048639348
2.351 -3.87194014331
2.352 -3.87340049937
2.353 -3.87486750837
2.354 -3.87634121747
2.355 -3.87782167427
2.356 -3.87930892686
2.357 -3.8808030238
2.358 -3.88230401413
2.359 -3.88381194736
2.36 -3.8853268735
2.361 -3.88684884306
2.362 -3.88837790706
2.363 -3.889914117
2.364 -3.89145752494
2.365 -3.89300818342
2.366 -3.89456614554
2.367 -3.89613146492
2.368 -3.89770419574
2.369 -3.89928439272
2.37 -3.90087211113
2.371 -3.90246740681
2.372 -3.9040703362
2.373 -3.90568095628
2.374 -3.90729932464
2.375 -3.90892549946
2.376 -3.91055953954
2.377 -3.91220150426
2.378 -3.91385145364
2.379 -3.91550944834
2.38 -3.91717554963
2.381 -3.91884981945
2.382 -3.92053232037
2.383 -3.92222311566
2.384 -3.92392226922
2.385 -3.92562984567
2.386 -3.92734591029
2.387 -3.92907052907
2.388 -3.93080376873
2.389 -3.93254569669
2.39 -3.9342963811
2.391 -3.93605589086
2.392 -3.93782429561
2.393 -3.93960166577
2.394 -3.94138807251
2.395 -3.9431835878
2.396 -3.9449882844
2.397 -3.94680223587
2.398 -3.9486255166
2.399 -3.95026385722
2.4 -3.9519103519
2.401 -3.95356506391
2.402 -3.95522805721
2.403 -3.95689939644
2.404 -3.95857914693
2.405 -3.96026737473
2.406 -3.96196414661
2.407 -3.96366953004
2.408 -3.96518333291
2.409 -3.96670455671
2.41 -3.96823325791
2.411 -3.96976949357
2.412 -3.97131332137
2.413 -3.97286479957
2.414 -3.97442398707
2.415 -3.97599094338
2.416 -3.97756572864
2.417 -3.97914840365
2.418 -3.98073902984
2.419 -3.98233766931
2.42 -3.98394438482
2.421 -3.98555923983
2.422 -3.98718229844
2.423 -3.98881362551
2.424 -3.99045328654
2.425 -3.9921013478
2.426 -3.99375787626
2.427 -3.99520974274
2.428 -3.99666879888
2.429 -3.99813509976
2.43 -3.99960870108
2.431 -4.0010896591
2.432 -4.00257803069
2.433 -4.00407387332
2.434 -4.00557724506
2.435 -4.00708820463
2.436 -4.00860681133
2.437 -4.01013312515
2.438 -4.0116672067
2.439 -4.01320911724
2.44 -4.0147589187
2.441 -4.0163166737
2.442 -4.01788244551
2.443 -4.01945629812
2.444 -4.02103829621
2.445 -4.02262850518
2.446 -4.02422699114
2.447 -4.02583382094
2.448 -4.02744906217
2.449 -4.02907278319
2.45 -4.03070505309
2.451 -4.03234594177
2.452 -4.03399551989
2.453 -4.03565385892
2.454 -4.03732103114
2.455 -4.03899710966
2.456 -4.0406821684
2.457 -4.04237628214
2.458 -4.04407952651
2.459 -4.04579197803
2.46 -4.04751371408
2.461 -4.04924481296
2.462 -4.05098535384
2.463 -4.05273541686
2.464 -4.05449508307
2.465 -4.05626443449
2.466 -4.05804355407
2.467 -4.05983252578
2.468 -4.06163143458
2.469 -4.06344036641
2.47 -4.06525940827
2.471 -4.06708864818
2.472 -4.06867920225
2.473 -4.07027832947
2.474 -4.07188610139
2.475 -4.0735025904
2.476 -4.07512786972
2.477 -4.07676201341
2.478 -4.07840509639
2.479 -4.08005719444
2.48 -4.08171838423
2.481 -4.08338874334
2.482 -4.08506835025
2.483 -4.08675728435
2.484 -4.08845562598
2.485 -4.09016345643
2.486 -4.09188085797
2.487 -4.0933452743
2.488 -4.09481756009
2.489 -4.09629778057
2.49 -4.09778600169
2.491 -4.09928229014
2.492 -4.1007867134
2.493 -4.10229933969
2.494 -4.10382023805
2.495 -4.10534947828
2.496 -4.106887131
2.497 -4.10843326766
2.498 -4.10998796053
2.499 -4.11155128273
2.5 -4.11312330823
2.501 -4.11470411186
2.502 -4.11629376936
2.503 -4.11789235733
2.504 -4.11949995332
2.505 -4.12111663576
2.506 -4.12274248404
2.507 -4.12437757851
2.508 -4.12602200047
2.509 -4.12767583219
2.51 -4.12933915697
2.511 -4.13101205908
2.512 -4.13240755626
2.513 -4.13381073483
2.514 -4.13522165978
2.515 -4.13635041572
2.516 -4.13748510975
2.517 -4.1386257896
2.518 -4.1397725035
2.519 -4.14092530022
2.52 -4.14208422907
2.521 -4.14324933988
2.522 -4.14442068304
2.523 -4.14559830952
2.524 -4.14678227082
2.525 -4.14797261904
2.526 -4.14916940685
2.527 -4.1503726875
2.528 -4.15158251486
2.529 -4.1527989434
2.53 -4.15371756785
2.531 -4.15464095139
2.532 -4.15556913149
2.533 -4.15650214603
2.534 -4.15744003328
2.535 -4.15838283194
2.536 -4.15933058111
2.537 -4.16028332031
2.538 -4.16124108949
2.539 -4.16220392902
2.54 -4.16317187974
2.541 -4.16414498291
2.542 -4.16512328024
2.543 -4.16610681389
2.544 -4.16709562651
2.545 -4.1680897612
2.546 -4.16908926153
2.547 -4.17009417157
2.548 -4.17110453587
2.549 -4.17212039947
2.55 -4.17314180792
2.551 -4.17416880728
2.552 -4.17520144413
2.553 -4.17623976556
2.554 -4.17728381922
2.555 -4.17833365328
2.556 -4.17938931646
2.557 -4.18045085802
2.558 -4.18151832783
2.559 -4.18259177628
2.56 -4.18367125437
2.561 -4.18475681369
2.562 -4.1858485064
2.563 -4.18694638529
2.564 -4.18805050376
2.565 -4.18916091584
2.566 -4.19027767618
2.567 -4.19140084007
2.568 -4.19253046347
2.569 -4.19366660299
2.57 -4.19480931592
2.571 -4.19595866021
2.572 -4.19711469453
2.573 -4.19827747825
2.574 -4.19944707142
2.575 -4.20062353486
2.576 -4.2018069301
2.577 -4.20299731941
2.578 -4.20419476584
2.579 -4.2053993332
2.58 -4.20661108607
2.581 -4.20783008985
2.582 -4.20905641072
2.583 -4.21029011569
2.584 -4.21153127261
2.585 -4.21277995016
2.586 -4.21403621789
2.587 -4.21530014621
2.588 -4.21657180643
2.589 -4.21785127076
2.59 -4.21913861231
2.591 -4.22043390512
2.592 -4.2217372242
2.593 -4.22304864548
2.594 -4.2243682459
2.595 -4.22569610338
2.596 -4.226651417
2.597 -4.22761238018
2.598 -4.22819568156
2.599 -4.22878222792
2.6 -4.22937204652
2.601 -4.22996516492
2.602 -4.23056161099
2.603 -4.23116141293
2.604 -4.23176459924
2.605 -4.23237119877
2.606 -4.23298124067
2.607 -4.23359475445
2.608 -4.23421176995
2.609 -4.23483231736
2.61 -4.2354564272
2.611 -4.23608413036
2.612 -4.23671545809
2.613 -4.23735044201
2.614 -4.23798911409
2.615 -4.2386315067
2.616 -4.23927765256
2.617 -4.23992758482
2.618 -4.24058133698
2.619 -4.24123894297
2.62 -4.2419004371
2.621 -4.2425658541
2.622 -4.24323522913
2.623 -4.24390859776
2.624 -4.24458599598
2.625 -4.24526746024
2.626 -4.2459530274
2.627 -4.24664273481
2.628 -4.24733662024
2.629 -4.24803472194
2.63 -4.24873707863
2.631 -4.24944372951
2.632 -4.25015471426
2.633 -4.25087007304
2.634 -4.25158984653
2.635 -4.25231407592
2.636 -4.25304280291
2.637 -4.2537760697
2.638 -4.25451391907
2.639 -4.2552563943
2.64 -4.25600353923
2.641 -4.25675539829
2.642 -4.25751201642
2.643 -4.2582734392
2.644 -4.25903971273
2.645 -4.25981088377
2.646 -4.26058699963
2.647 -4.26136810827
2.648 -4.26215425827
2.649 -4.26294549883
2.65 -4.2637418798
2.651 -4.26454345171
2.652 -4.26535026572
2.653 -4.2661623737
2.654 -4.26697982819
2.655 -4.26780268245
2.656 -4.26863099042
2.657 -4.26946480681
2.658 -4.27030418703
2.659 -4.27114918725
2.66 -4.27199986442
2.661 -4.27285627625
2.662 -4.27371848123
2.663 -4.27458653868
2.664 -4.27546050871
2.665 -4.27634045228
2.666 -4.27722643118
2.667 -4.27811850808
2.668 -4.2790167465
2.669 -4.27992121086
2.67 -4.2808319665
2.671 -4.28174907967
2.672 -4.28267261757
2.673 -4.28360264832
2.674 -4.28453924107
2.675 -4.28548246591
2.676 -4.28643239396
2.677 -4.28738909738
2.678 -4.28835264934
2.679 -4.2893231241
2.68 -4.29030059701
2.681 -4.2912851445
2.682 -4.29227684413
2.683 -4.29327577463
2.684 -4.29428201586
2.685 -4.29477304633
2.686 -4.29526743798
2.687 -4.29576522551
2.688 -4.29626644408
2.689 -4.29677112937
2.69 -4.29727931752
2.691 -4.2977910452
2.692 -4.29830634957
2.693 -4.29882526835
2.694 -4.29934783977
2.695 -4.29987410259
2.696 -4.30040409615
2.697 -4.30093786032
2.698 -4.30147543558
2.699 -4.30201686297
2.7 -4.30256218411
2.701 -4.30311144124
2.702 -4.30366467722
2.703 -4.30422193553
2.704 -4.30478326027
2.705 -4.30534869621
2.706 -4.30591828877
2.707 -4.30649208406
2.708 -4.30707012885
2.709 -4.30765247062
2.71 -4.30823915757
2.711 -4.30883023861
2.712 -4.3094257634
2.713 -4.31002578235
2.714 -4.31063034662
2.715 -4.31123950818
2.716 -4.31185331979
2.717 -4.312471835
2.718 -4.31309510821
2.719 -4.31372319465
2.72 -4.31435615043
2.721 -4.31499403251
2.722 -4.31563689876
2.723 -4.31628480798
2.724 -4.31693781985
2.725 -4.31759599505
2.726 -4.3182593952
2.727 -4.31892808292
2.728 -4.31960212181
2.729 -4.32028157654
2.73 -4.3209665128
2.731 -4.32165699735
2.732 -4.32235309804
2.733 -4.32305488386
2.734 -4.3237624249
2.735 -4.32447579243
2.736 -4.32519505891
2.737 -4.32592029799
2.738 -4.32665158457
2.739 -4.32738899481
2.74 -4.32813260615
2.741 -4.32888249735
2.742 -4.32963874851
2.743 -4.33040144111
2.744 -4.33117065802
2.745 -4.33194648354
2.746 -4.33272900345
2.747 -4.33351830501
2.748 -4.33431447702
2.749 -4.33511760982
2.75 -4.33592779536
2.751 -4.33674512723
2.752 -4.33756970067
2.753 -4.33840161264
2.754 -4.33924096183
2.755 -4.34008784871
2.756 -4.34094237561
2.757 -4.34180464667
2.758 -4.34267476799
2.759 -4.34355284759
2.76 -4.34443899549
2.761 -4.34533332377
2.762 -4.34623594658
2.763 -4.34714698024
2.764 -4.34806654324
2.765 -4.34899475631
2.766 -4.34993174249
2.767 -4.35087762717
2.768 -4.35183253814
2.769 -4.35279660567
2.77 -4.35376996256
2.771 -4.35475274417
2.772 -4.35574508855
2.773 -4.35674713644
2.774 -4.35775903139
2.775 -4.35878091978
2.776 -4.35981295093
2.777 -4.36085527716
2.778 -4.36190805386
2.779 -4.3629714396
2.78 -4.36404559615
2.781 -4.36513068861
2.782 -4.36622688551
2.783 -4.36733435884
2.784 -4.36845328418
2.785 -4.36958384082
2.786 -4.37072621178
2.787 -4.371880584
2.788 -4.37304714837
2.789 -4.37422609987
2.79 -4.37541763769
2.791 -4.37662196533
2.792 -4.37783929072
2.793 -4.37906982632
2.794 -4.3803137893
2.795 -4.3815714016
2.796 -4.38196376921
2.797 -4.38236013983
2.798 -4.3827605751
2.799 -4.38316513787
2.8 -4.38357389233
2.801 -4.38398690399
2.802 -4.38440423977
2.803 -4.38482596794
2.804 -4.38525215827
2.805 -4.38568288198
2.806 -4.38611821185
2.807 -4.38655822219
2.808 -4.38700298893
2.809 -4.38745258968
2.81 -4.3879071037
2.811 -4.38836661203
2.812 -4.3888311975
2.813 -4.38930094476
2.814 -4.38977594038
2.815 -4.39025627287
2.816 -4.39074203272
2.817 -4.39123331252
2.818 -4.39173020694
2.819 -4.39223281285
2.82 -4.39274122936
2.821 -4.3932555579
2.822 -4.39377590224
2.823 -4.39430236863
2.824 -4.39483506583
2.825 -4.39537410518
2.826 -4.39591960071
2.827 -4.39647166918
2.828 -4.3970304302
2.829 -4.3975960063
2.83 -4.39816852303
2.831 -4.39874810902
2.832 -4.39933489612
2.833 -4.39992901948
2.834 -4.40053061766
2.835 -4.40113983272
2.836 -4.40175681035
2.837 -4.4023817
2.838 -4.40301465496
2.839 -4.40365583251
2.84 -4.40430539408
2.841 -4.40496350533
2.842 -4.40563033631
2.843 -4.40630606164
2.844 -4.40699086062
2.845 -4.40768491741
2.846 -4.40838842119
2.847 -4.40910156635
2.848 -4.40982455263
2.849 -4.41055758534
2.85 -4.41130087557
2.851 -4.41205464033
2.852 -4.41281910283
2.853 -4.41359449267
2.854 -4.41438104607
2.855 -4.41517900611
2.856 -4.415988623
2.857 -4.41681015431
2.858 -4.41764386527
2.859 -4.41849002907
2.86 -4.41934892712
2.861 -4.42022084939
2.862 -4.42110609472
2.863 -4.42200497118
2.864 -4.42291779644
2.865 -4.4238448981
2.866 -4.42478661414
2.867 -4.42574329329
2.868 -4.42671529548
2.869 -4.4277029923
2.87 -4.42870676745
2.871 -4.42972701728
2.872 -4.43076415127
2.873 -4.43181859263
2.874 -4.43289077883
2.875 -4.43398116223
2.876 -4.43509021073
2.877 -4.43621840843
2.878 -4.43736625634
2.879 -4.43853427313
2.88 -4.43972299591
2.881 -4.44093298107
2.882 -4.44216480513
2.883 -4.44341906569
2.884 -4.44469638238
2.885 -4.44599739793
2.886 -4.44732277917
2.887 -4.44867321826
2.888 -4.45004943389
2.889 -4.45145217251
2.89 -4.45288220975
2.891 -4.45434035183
2.892 -4.45582743709
2.893 -4.45734433763
2.894 -4.45889196099
2.895 -4.46047125201
2.896 -4.46208319475
2.897 -4.46372881455
2.898 -4.46540918025
2.899 -4.46712540646
2.9 -4.46887865614
2.901 -4.47067014316
2.902 -4.4725011352
2.903 -4.4743729567
2.904 -4.47628699215
2.905 -4.47824468951
2.906 -4.48024756386
2.907 -4.48229720144
2.908 -4.48439526378
2.909 -4.48654349232
2.91 -4.48874371323
2.911 -4.49099784267
2.912 -4.49330789241
2.913 -4.49567597588
2.914 -4.49810431472
2.915 -4.50059524578
2.916 -4.50315122872
2.917 -4.50577485425
2.918 -4.50846885295
2.919 -4.51123610491
2.92 -4.51407965013
2.921 -4.5170026998
2.922 -4.52000864861
2.923 -4.52310108805
2.924 -4.52628382097
2.925 -4.5295608774
2.926 -4.53293653189
2.927 -4.53641532236
2.928 -4.54000207084
2.929 -4.54370190616
2.93 -4.54752028882
2.931 -4.55146303842
2.932 -4.55553636381
2.933 -4.55974689634
2.934 -4.56410172667
2.935 -4.56860844537
2.936 -4.57327518814
2.937 -4.57811068585
2.938 -4.58312432033
2.939 -4.58832618663
2.94 -4.59372716254
2.941 -4.59933898647
2.942 -4.6051743449
2.943 -4.61124697082
2.944 -4.61757175473
2.945 -4.6241648702
2.946 -4.63104391631
2.947 -4.63822807965
2.948 -4.64132330082
2.949 -4.64454774146
2.95 -4.64790968394
2.951 -4.65141813551
2.952 -4.6550829096
2.953 -4.65891471826
2.954 -4.66292527773
2.955 -4.66712742922
2.956 -4.67153527767
2.957 -4.6761643516
2.958 -4.68103178787
2.959 -4.68615654622
2.96 -4.69155965904
2.961 -4.69726452364
2.962 -4.70329724554
2.963 -4.70968704363
2.964 -4.70968704363
2.965 -4.70968704363
2.966 -4.70968704363
2.967 -4.70968704363
2.968 -4.70968704363
2.969 -4.70968704363
2.97 -4.70968704363
2.971 -4.70968704363
2.972 -4.70968704363
2.973 -4.70968704363
2.974 -4.70968704363
2.975 -4.70968704363
2.976 -4.70968704363
2.977 -4.70968704363
2.978 -4.70968704363
2.979 -4.70968704363
2.98 -4.70968704363
2.981 -4.70968704363
2.982 -4.70968704363
2.983 -4.70968704363
2.984 -4.70968704363
2.985 -4.70968704363
2.986 -4.70968704363
2.987 -4.70968704363
2.988 -4.70968704363
2.989 -4.70968704363
2.99 -4.70968704363
2.991 -4.70968704363
2.992 -4.70968704363
2.993 -4.70968704363
2.994 -4.70968704363
2.995 -4.70968704363
2.996 -4.70968704363
2.997 -4.70968704363
2.998 -4.70968704363
2.999 -4.70968704363
3.0 -4.70968704363